500
1.0665933293417762 6.8654947403144604 -0.6877621866179453 -22.076382076998357 0 0 0
0.94645275605844204 -80.003022267691648 -89.302940508853567 91.708299331871672 0 0 0
1.770714721725805 -29.018962006490369 91.360176881743286 35.353980909570197 0 0 0
1.2237814250229651 -1.3948681962938139 -83.343117701269819 -81.65917077807498 0 0 0
1.4036613891226744 10.740610367090667 -57.454421153640446 89.238908363151126 0 0 0
1.6719440723972787 -77.307079416251824 86.185821336284562 94.849642808289303 0 0 0
1.9938968614643295 -88.825768532719053 47.4071101491121 9.1831548552822539 0 0 0
1.5587472281247314 93.73038923912992 37.606001279456137 67.392775125871907 0 0 0
1.8003030626399739 67.696152865007662 -14.781705425860963 -55.48471623561489 0 0 0
1.0949773965657559 78.379381951962586 -70.679035703360938 2.6652349197002536 0 0 0
0.84984209938609423 16.261083259556415 72.627704421722825 76.07199351166571 0 0 0
0.85502778580859284 81.538740123959656 18.377747246343688 -29.956351045827461 0 0 0
1.5622718020026549 -3.6666027231374443 -24.402482259220122 41.016872532591435 0 0 0
0.87308622480750386 -33.94949348148171 -13.109630480818566 -49.263564660557314 0 0 0
1.1078031308755816 14.294606329345186 48.194772892459468 53.438970778082393 0 0 0
1.7341855310779737 48.842330586594073 36.207884677967286 -52.498705890804118 0 0 0
1.1003343438364701 -4.4570209749568903 -83.42173582475111 5.6740239667053771 0 0 0
1.1545037437079926 60.421850996242028 95.580132864981636 11.201008268160678 0 0 0
0.98402957736159213 -91.319843386712336 84.928665520981923 83.823144249290436 0 0 0
0.8794852468675689 39.082224040937348 -84.913090198798926 -66.756913879742015 0 0 0
0.82521365791188972 -41.101210625108855 99.166274091905962 39.385011309178452 0 0 0
1.0763027379001657 47.420142167301748 83.050868382931043 91.740480497524288 0 0 0
0.58679584225770487 -21.095640683068723 -78.648786644653569 -32.867986493737774 0 0 0
0.75451986256895398 29.369671791238773 -22.34632338100586 -54.121050454985713 0 0 0
0.89890689621108677 -27.930982221023427 -48.010028713643791 -9.3518304179324332 0 0 0
0.54847393139434109 -44.047298629949971 -17.758656092475746 20.556375981019585 0 0 0
0.90643646743313799 -73.362975746271346 -84.759925170292746 88.106364282897545 0 0 0
1.1249585851153125 16.232523542163875 83.835310890032702 -83.450316944241379 0 0 0
1.8149922296635557 10.317575692481554 -67.033147623519483 -17.748976171651535 0 0 0
1.6664034240098426 -3.9259842685166149 97.057210606861673 -24.652206425069977 0 0 0
1.6243674546459679 -21.402110514189545 65.832844142332419 13.816293368214687 0 0 0
0.59526773943973077 -92.635626696576679 -73.229575230981254 -97.265606174552488 0 0 0
0.61303858856776805 38.34287952001776 6.8692537403153722 49.982148641707283 0 0 0
1.8697486232255947 17.029906369533009 45.224168373690333 51.416239605507144 0 0 0
1.0667758277325126 -51.783033262596092 -58.990934097648406 -49.711513513272656 0 0 0
0.91209769328848378 -58.554470371167426 75.644132505573481 51.399825870604275 0 0 0
0.57034469824917433 -46.265502350490415 -95.563052309976996 -0.36696225071450783 0 0 0
1.2143160440680716 66.274297366492362 -38.444552499793303 63.277146259890003 0 0 0
1.9519606459252212 -82.318355256647891 58.363568544231981 17.991179991675679 0 0 0
1.2200689607302246 -15.892844366432044 56.933652085956993 27.872270979932949 0 0 0
1.7075670026373397 80.630211821429612 23.452743847685468 96.092544543302836 0 0 0
1.4121317737796066 27.328864559061714 10.963121726747787 -81.799582278473537 0 0 0
1.589595545748304 9.4892617477223098 -9.8179116605785879 82.094255778177313 0 0 0
0.94693918062718918 4.7204543660435121 39.5283736690117 59.294356263686012 0 0 0
1.1890202047584135 68.418283058637172 53.78354864623941 -86.752804217010535 0 0 0
0.56879189021156717 24.161136428827064 -30.51731877528978 -58.173841362411551 0 0 0
1.3694749027374438 -31.687357544892208 7.4526838062267444 -7.9761673636324844 0 0 0
1.3771491625094947 -19.939901952077506 39.53351448936516 -63.986545631621276 0 0 0
1.5447521965887443 -17.667757331129749 74.863521749935501 3.0472112108935505 0 0 0
1.9596655330390989 20.387080133534965 -55.230186032490387 64.358128050382646 0 0 0
1.0176239446162718 -30.476156935161427 -93.639062849012646 9.7430618986814608 0 0 0
1.3016352518882961 -28.801702919379863 78.843452651348599 -74.250320328200701 0 0 0
0.99514927115643537 -35.683445879705488 -81.541882779481256 -3.7709214352345839 0 0 0
1.5316770822838532 2.3314024825468209 -68.604464322627592 -24.542806301225326 0 0 0
0.50389253909038778 73.660220358375369 -83.096599215352853 19.455616304104197 0 0 0
1.9793854981606784 7.318129307094452 84.808352187763518 -52.776693669868493 0 0 0
1.6399331189290112 6.2531507280149299 44.103211232579071 -87.531726353453891 0 0 0
0.72160864413134407 -73.376614495532721 37.433099873054289 68.88813483040812 0 0 0
1.6244243457372105 -93.905568330915941 73.442996344863076 -29.170666381371575 0 0 0
1.0957457525187464 -79.026165639866591 47.481041693559064 -63.543223059862655 0 0 0
1.3459476365312251 68.141997620560204 -82.159133757862818 7.0671139903132598 0 0 0
0.84982461579601354 -31.414627428607673 -5.2060115806016825 -28.979140069377493 0 0 0
1.473234257936421 -4.0835789638365583 16.839896286228679 47.364495207420845 0 0 0
1.3366133956891162 17.307086649604116 12.891708846746923 -24.245474807565088 0 0 0
1.0061702482462078 79.929479368174555 21.511045081816491 -51.129368200396272 0 0 0
1.2473715449530038 -33.930304367723167 86.738365544275155 -98.493126582483441 0 0 0
0.8379992018809248 -26.928636191745326 -2.4380393677410837 70.16350464712275 0 0 0
0.63183144381731993 61.172978453575411 -88.869302385795223 68.462807354366646 0 0 0
0.57745321167641106 -96.351502904458371 39.392291214801247 99.451107903494432 0 0 0
1.8449153918000074 15.199683019791536 83.47912183820597 -98.939999245782047 0 0 0
1.9626007491549495 -1.8502430404581673 44.579218568787326 64.172294627346247 0 0 0
1.5776859007063471 7.0073460488004002 -4.6761024011479435 67.716511165722238 0 0 0
0.80761633979953817 93.59881399139033 42.190495288170837 -60.098614384167057 0 0 0
1.6043707796515467 5.9680049886186453 41.446018224341628 53.55590049226862 0 0 0
0.63093526473570283 1.2207924193347992 86.40286913860416 -35.871561780518846 0 0 0
1.3908246466421719 -26.153903964356346 -9.1464046697782209 9.720623685718266 0 0 0
1.3233829619351454 -59.653907921632744 36.914308710133383 -82.426377208443611 0 0 0
0.70823716311295537 -99.457820845697881 -76.660787651304716 -5.366759812662437 0 0 0
1.4091528188920031 58.857889585748353 -78.660149949189815 70.145490995120696 0 0 0
1.6189617872577926 -18.296340761472152 86.587613268024143 98.185894392936831 0 0 0
0.80750271373137616 -24.15428300475547 85.289883616682914 44.319310772284894 0 0 0
0.57214196616823543 56.302897485058224 65.588176722627708 50.100384875911629 0 0 0
1.6993057040503343 65.026535194537416 -62.719003662268364 -52.861650902099221 0 0 0
1.4506378445070693 81.57322693257899 -36.760683713535293 17.66133503416556 0 0 0
1.5244730920737302 -9.6102800305653631 42.756490755785961 79.933489830090878 0 0 0
1.4361523228450723 7.9562112829358256 -12.251064239646809 15.497253858611003 0 0 0
1.0330436733430994 -21.703577837926588 6.3714951921203635 -86.67617791595157 0 0 0
0.84353808217209481 8.5698622569552612 -13.694372534896331 -33.43684361596442 0 0 0
1.5958237079767421 38.743521707826545 -66.653848293271281 75.72582283960773 0 0 0
1.2431354338606142 48.29218227106432 14.630169928720818 99.538524299329026 0 0 0
1.6286046850093436 41.396093196781464 55.714387923874369 -71.374402905630589 0 0 0
0.8068168844446304 42.81281538167454 -1.203703658540789 50.927058322204545 0 0 0
0.65437404439158797 7.2962707291011242 -24.235687492851554 -8.5999557354276845 0 0 0
1.4059368103489356 0.45766897486929281 7.9721275622628411 -2.7285026316569514 0 0 0
1.1134327586842414 54.376395639137002 -97.559385247526848 19.688540075027731 0 0 0
1.3482625162091391 43.235815760806418 19.805873662782787 65.35976619206815 0 0 0
1.9386121918848707 -31.495149065346894 -54.529803731320811 -15.280627161224771 0 0 0
0.93189442301937586 22.990052911792105 82.370482066336621 -72.176761571959133 0 0 0
0.65119190380415715 -48.796893627780754 45.219116239720506 18.592580169072548 0 0 0
0.65331899418918815 83.750104138866675 58.016926268891012 -95.395479867118439 0 0 0
1.4770508255019918 54.249333597372242 -25.112925536172071 -86.215692357778778 0 0 0
0.61598159643732853 -79.150607542300406 68.087925432918922 82.137239488101045 0 0 0
0.68421617166052084 -52.818794356973932 -66.89589796658413 -62.735824108175095 0 0 0
1.7562361809394775 -33.570718722378743 -37.711146945604291 -54.520875843295919 0 0 0
1.4118415913281295 -24.138859733985612 48.849930803047556 -58.884039086513354 0 0 0
1.6816848416822685 20.744307013444228 -77.146540473518002 -17.099083056758673 0 0 0
1.7952772095580802 84.592046119265973 -6.8599757577131584 -3.8326042542721552 0 0 0
1.8776820916929868 17.413645957234223 -93.430665404321402 82.549893597720171 0 0 0
0.87233966954780873 15.52639120148433 -66.897336230689291 -93.224168363077311 0 0 0
0.96720975296857503 56.099141964800367 -44.48256592356654 -55.98055600969753 0 0 0
0.8190211750379861 3.0347369920247047 95.108262457793387 -8.2022022008397499 0 0 0
1.3359580553888795 72.12640444816202 7.0139437022316002 -63.107426092174173 0 0 0
0.94939386326663489 -38.012613374954782 -20.536376672467384 -14.642218372320741 0 0 0
1.6996730311808312 -30.122599103578622 -6.3536332359006735 24.995198109684864 0 0 0
1.0665889256761467 67.312962537261967 17.490721613394157 -41.191065308372089 0 0 0
1.5710888011761222 5.52954606028689 6.8911785969692403 -3.782410154083621 0 0 0
1.2455179272455035 53.071256846172759 -79.403704257903613 -33.127438687629621 0 0 0
0.6132550431165561 50.649243730405146 -45.539629022902375 79.486081854940608 0 0 0
1.2898676959951407 60.149954278428766 95.786287916143721 67.957772275253802 0 0 0
1.8004906349987626 -18.403100610760788 10.344519839952511 -49.222287432198776 0 0 0
0.79416964979530591 1.1015772201070888 19.009796111831008 -32.145750890294622 0 0 0
1.35416527632621 77.492096376537546 11.344317889434578 44.162619450976251 0 0 0
1.7079724490524182 97.745756397171505 20.639480637492014 61.370029200599362 0 0 0
1.9439739789220807 88.881945023181999 -71.783629540908848 -18.72153816721476 0 0 0
0.98598508942865803 -82.61499619594143 26.648155274475087 47.180922333407608 0 0 0
1.7721921499613276 -75.444621638090709 75.288815152898223 28.585113425880735 0 0 0
1.5559191988157426 82.124799531543232 24.952253923632355 -32.826828475025607 0 0 0
1.737661003458578 -27.388158329776843 -93.154377183397543 66.130901280234724 0 0 0
1.017788214361347 54.766905280268361 -27.448421318454336 72.213604507787466 0 0 0
0.82926577782297939 94.909453110231709 55.951755296606819 -77.152415358456167 0 0 0
1.3486649349338147 97.073462348777383 -5.7869095870036489 -63.578571388504692 0 0 0
1.2271675565600908 2.4915315221282412 48.337388423675549 39.769169760012716 0 0 0
1.1038250711164943 -56.395378324301554 29.010833294100877 -15.659213911978057 0 0 0
0.69841431988789782 80.114461319786045 38.244371170721934 36.636771460636851 0 0 0
1.7338758054020782 5.9323370416787924 63.010885245993308 -0.38184930679777551 0 0 0
0.60076309412510198 -18.950383153083834 -0.50702217726873755 44.040516569732773 0 0 0
0.65986810212713476 -71.996291493484946 -47.263239597115401 -46.700321189126996 0 0 0
1.5982768703975796 -49.853868708134954 26.619612267264941 -1.1452292713785255 0 0 0
1.3599415602542126 67.621392799281153 -19.123699310292935 54.182276007865482 0 0 0
1.133054093522573 -29.225724886778465 91.725435348520193 -63.125815953219607 0 0 0
0.63550544113949825 54.197185607773832 -86.350058194000781 67.41579819420798 0 0 0
1.1557900941541979 83.102734543181612 44.306573025837821 22.080932897381558 0 0 0
1.9239601977983507 -20.670125331913567 90.817387013867091 -72.999744585862857 0 0 0
1.2256324187849783 -46.017754393865339 7.9685560442126899 -67.597224458015347 0 0 0
1.762294496733839 69.281569870720887 91.047262889163846 -69.065571827960994 0 0 0
1.4349988206525719 -5.1525383363053123 -31.123253325624475 -29.691968528780251 0 0 0
1.1191903206268985 40.985110238915837 19.657211363706836 -8.0636966771060941 0 0 0
0.61390010718479826 -84.446931545664441 -99.532122360569616 93.539878106429086 0 0 0
0.5078807230825112 -79.381250795431868 -37.080688571512056 61.486050211432485 0 0 0
1.9431481830254129 58.002711093836382 38.112046986363708 4.2601339726711558 0 0 0
0.63005781564342311 91.634158023721596 51.678482576876206 27.789877296063352 0 0 0
1.6385537668154206 44.820665039996783 27.446315423225826 96.115360029469969 0 0 0
1.8550457195086643 29.332984028822978 38.635042040665155 -89.680839656495124 0 0 0
1.504876205445288 -91.166912063982949 17.652750746606614 99.870700432232042 0 0 0
1.3337098746027012 -5.3579767435814603 -37.429028427438425 -75.895484628437742 0 0 0
1.5965355062033353 -61.480194968294867 -76.943596828524193 -15.647468205026442 0 0 0
1.6930127617475574 49.012909758566593 -89.023477404283241 -8.9712633358058724 0 0 0
1.283651864034741 28.909330388014922 30.033469807217273 -27.060549352491748 0 0 0
1.3410157935798663 -3.7876227814440284 76.999670363820769 6.053026518611631 0 0 0
1.1615482433721918 -19.102909102813953 14.485551699314087 60.795396161977692 0 0 0
1.3076022279703143 32.331035555839691 47.571153022290787 4.0336206846819778 0 0 0
1.1402255825998648 75.333075766259014 -16.4987831733674 -7.6114310871623161 0 0 0
1.9855119704280861 -99.952495376520346 -62.905418273308236 -23.207222599120016 0 0 0
1.8988848663653717 -85.994059089627896 -98.102913145072108 -89.463232627571017 0 0 0
0.63281511728437212 -92.48064470468411 -4.0437350291816756 16.151440871297623 0 0 0
0.9075304497523502 -20.342523186277433 -81.660132214041738 -32.725906445748791 0 0 0
1.2837787859914909 46.454361115469709 -99.330726999846419 -6.537846656959772 0 0 0
0.94550431962868509 70.564364701846557 43.110663504167832 17.821707028597956 0 0 0
0.91589847359879406 82.067819871840697 -90.97986449544679 -78.106480165022745 0 0 0
1.0874452117310116 -75.11248869450543 91.283139317215159 59.597863487431823 0 0 0
0.88847397807508655 17.710846433854229 96.466102004869867 76.839795656461206 0 0 0
1.4011976728022792 80.744793893182731 97.836981788902136 48.670563388943407 0 0 0
0.59747961302910768 -19.683953782931354 67.56514743635114 -53.886160736454343 0 0 0
1.7459637773948733 -75.93224730749202 -90.61092835708196 -23.181876904492825 0 0 0
0.55509790692728234 91.454052607828658 65.241139744389073 60.153937542351201 0 0 0
1.4446668810180305 -56.735195640050684 3.652072366503333 19.454813931498322 0 0 0
1.2875472552823746 -47.95332578132416 3.0495838446655341 -1.7627320364937873 0 0 0
1.9945036678211836 79.48722849385328 -7.323850560196064 24.587476822754397 0 0 0
1.6218074099942406 -93.02696769419245 78.98428754848149 72.025363360535636 0 0 0
1.1861481403785827 -21.766046067818024 -45.408123998641969 -4.66463434838154 0 0 0
0.56656498562850111 70.4387054757984 -92.915527063322827 -34.189727212790572 0 0 0
1.8973842349329177 47.042531266382781 -43.72180844252059 -49.470180486866589 0 0 0
0.50762320870045408 39.14285871478512 -90.243283672098997 6.5205045740993626 0 0 0
1.9431829578526245 -78.106228298499104 78.895987369271865 98.295066322951158 0 0 0
0.59227554005962113 76.581253693213057 3.2158045787637377 81.302743525822081 0 0 0
1.3569784099787989 32.422401353149183 8.7557811140090251 72.898576248704074 0 0 0
1.6008648687043558 4.2520623597609841 73.632160564764689 -50.942893528451592 0 0 0
0.73601098923847841 -67.919979250650186 -33.198224906420194 -52.261994181339936 0 0 0
1.8951355253919511 -78.833181984716063 39.798147725808036 -62.155690987002259 0 0 0
1.8224556907634035 92.2630569376457 -6.9059971313996442 75.814296213409278 0 0 0
0.50771775812346609 63.989384431805007 -54.274967856001162 81.740261928341738 0 0 0
0.50168016407199667 11.236345852630535 51.327160598343909 -48.262333334075855 0 0 0
0.78969929402451466 -83.180355453536009 -34.713284921975486 11.968861938509463 0 0 0
0.67376578493223538 -24.660928488718184 -98.185518401022733 63.735883521846745 0 0 0
0.69267308145523265 -43.331410637731636 -96.314456744071663 -13.551844258733709 0 0 0
1.7601822509766762 -21.569757380435604 -64.100536022678853 50.739766887017907 0 0 0
1.6832104697017383 -65.249305035116691 54.170821778843447 89.459577345654253 0 0 0
0.74956638341570403 54.196858951271167 41.714400801218602 -5.2852218233900885 0 0 0
0.58688069135388932 -85.061115416655525 70.482931334792738 98.029673745461594 0 0 0
1.5140783801815085 -10.80833915765966 29.514729732165677 18.879171606622933 0 0 0
1.0754183944401785 -86.874769813167546 64.302589000301595 -25.633294213395089 0 0 0
1.7281784674229483 -49.498250578976823 -99.794103639046881 -68.212343685054094 0 0 0
1.202809114453951 88.860726542636968 -79.561276620897402 70.841955042043082 0 0 0
1.2905361403816928 65.184153467175065 -40.325113633010432 67.989434265567439 0 0 0
1.6592341673382491 -53.989263452566263 -73.732974629173469 73.610863195418375 0 0 0
1.9448549889322126 -93.739536816670665 46.254013312623613 81.90490225998758 0 0 0
1.7860401325462365 92.904094776070025 52.018816135711717 -11.540248791025249 0 0 0
0.96792799059207701 -35.851452061471818 44.884534454629716 49.167402145916355 0 0 0
0.80053871574803659 73.624562473554818 42.984808592669054 12.550056789467419 0 0 0
1.2072986890088155 8.6465609480258934 -68.150851318231162 -59.259750312868249 0 0 0
0.63674673701239159 -69.268393154414511 -9.2612730911503576 6.070878442599593 0 0 0
0.52679283408018196 59.359566710247663 -41.1664048614332 82.367206692347594 0 0 0
1.9512668975818137 -62.908225338130705 -7.580541875374621 -99.75363176867728 0 0 0
1.3974908984210255 21.461289987209526 -50.492008603850138 11.682534610401191 0 0 0
0.83831021348032797 -67.83490499986361 30.303893474126653 -34.814906651993681 0 0 0
1.385395899858207 -13.350650305042095 96.870282260252253 -70.083870717546901 0 0 0
1.1968979011330361 36.091326040795394 -20.890983129269742 94.939970154312391 0 0 0
1.5828314405866037 31.396770956537807 51.411853390512164 90.529727743012927 0 0 0
1.861727982100513 44.857061376777438 49.832328524464117 -70.815585176230869 0 0 0
0.6541885996384238 14.180900807802672 -96.326472696732012 -3.5287236096855139 0 0 0
0.8155243716731746 -30.796687272262517 55.160947496055087 88.247501152091246 0 0 0
0.60862440254764905 6.8484410884655915 76.506697018065779 -83.498291794647145 0 0 0
1.7367710736696154 -28.439729237995181 -35.581059456014856 95.49327665626609 0 0 0
0.80128863601743039 38.638788167828011 64.288145992932215 -91.763300765298766 0 0 0
1.50557819026318 90.309994253542641 -75.156006373631286 79.244261733557835 0 0 0
1.3921649484074161 23.32091671117638 22.588835565930765 -40.23282339138462 0 0 0
1.9028027173046933 89.470091828655882 25.060932138659382 56.684545604592586 0 0 0
1.418386974723352 -3.1203091696451821 32.164022795861342 10.600290442575556 0 0 0
1.3962137867513551 56.766511025712731 -3.8192332511619611 -91.849178138953746 0 0 0
0.74599922292158105 -12.278556184303497 44.965312680305431 18.655729808861011 0 0 0
1.4754412809551356 -4.144214458784802 23.148404940580193 -34.196513042821834 0 0 0
1.2052738901609086 48.855813422095764 74.366555930213906 -13.268933222177509 0 0 0
0.56549249204994689 -67.665491462769182 -95.827772954694765 30.652604378722685 0 0 0
0.99847192837453502 8.4957268087349007 -1.3446303561891852 -83.694701099287457 0 0 0
1.1048920404397216 -55.887773787592153 -16.320041330894526 -59.284343662175701 0 0 0
1.7606786064306563 -65.161333211575496 92.156110185583685 -16.818526679316108 0 0 0
1.7693679415653598 25.752963331783803 47.070060453654037 53.544777509339099 0 0 0
1.2572673321658452 8.6601041741720053 2.7991735780160667 17.611675363903643 0 0 0
0.5440916694137089 -20.896966675051601 21.237741573092947 19.544712401620259 0 0 0
1.6894341385576532 31.001867652950864 98.42666323654484 -43.22909444606163 0 0 0
1.0387265522425402 -23.230570451791294 -6.8374387164150079 67.199612624550241 0 0 0
0.85368813972446822 55.200041510703386 -18.937964564383719 20.371077857400863 0 0 0
1.448810800390673 -25.430273393283443 2.5230408632846064 -17.39376614890169 0 0 0
0.60369917582291588 -12.566922209585186 -80.521321797406713 -18.995839503093165 0 0 0
1.3893775986898593 15.882979636770543 32.524255819583004 -80.947698345736086 0 0 0
1.4781848695700255 -37.570388969449255 -20.190809854799312 71.597249911079814 0 0 0
0.51354560418638984 17.682525530699181 19.742796373249647 -20.668046030640895 0 0 0
0.85554178861312846 -53.06519128131729 76.741934252718949 -11.595124515076321 0 0 0
0.99633404397280811 -10.244484407837788 33.878079584660156 -70.848686581995182 0 0 0
1.1741507515884777 17.576873640004294 89.716670458072088 -49.494442683329012 0 0 0
1.0388761273935816 -24.128280805069053 21.107630899021018 -28.653589694928286 0 0 0
1.3002678867186668 56.358065478253678 41.077118732229366 -10.72627046119095 0 0 0
1.7963242619014419 11.628049885307973 7.9811689539738495 -93.162446324158481 0 0 0
1.9800394745321537 -75.405838710391578 -53.773818699122891 -89.660631402553719 0 0 0
1.4600044489044266 -55.059765180474621 -63.997913689715837 -82.288882372254733 0 0 0
0.65496343012764913 16.93414088837963 37.641573466433812 -20.524202885649018 0 0 0
1.219845617883826 37.193548444896891 -96.524042030566378 -35.373868376397908 0 0 0
1.9596466224078741 16.022445581290796 -49.155083696602851 4.3460090884750713 0 0 0
1.0139802325827232 6.4489978210471719 -74.851696652376489 -73.457068343182385 0 0 0
0.71531354192688479 87.963958909021727 46.579783931460838 -67.523622155495332 0 0 0
0.78252363192263719 46.16589500074744 -68.767230367632479 -53.087742373172645 0 0 0
1.9450202524434341 -48.938695426231725 32.32646885759317 95.726257136003824 0 0 0
1.0614451468961597 -96.496801186201722 -51.170542021413581 66.175438166495752 0 0 0
1.7969132527483995 53.703873631107143 -77.378036359772693 59.102074472743482 0 0 0
1.8780166892181827 20.121908219368805 88.175071692824133 65.367776791513222 0 0 0
1.5004572735845105 15.437047586368081 -30.285266176490438 -68.142512363482027 0 0 0
1.4074308946726659 -36.377689333250188 73.287732944692209 98.667387310737183 0 0 0
1.6286416396745782 -81.903660819754677 -42.262880570859821 -78.178074455892244 0 0 0
1.4757674678270178 53.038172675489477 85.134965336277759 -12.365531052109162 0 0 0
1.8520634664948492 75.578231213720755 -36.560856234384062 73.780124468523212 0 0 0
1.0635083767647742 -40.626144543280404 29.81493205504907 -34.323753975063624 0 0 0
1.44531311851155 21.966361690613525 12.687785103738889 -23.9160588618616 0 0 0
1.3227495873772626 19.297094664009933 9.1373785975176816 -11.116109677904674 0 0 0
0.52200058657697035 17.412341110091461 -66.311123613107554 28.515193502801139 0 0 0
1.63901648726995 0.08906165433553781 8.4727326584880274 90.295711525871127 0 0 0
1.7707510372341198 82.847304431683455 62.753258460464053 -78.21633106371165 0 0 0
0.72348778102786593 5.3247593063312877 -50.786068356587904 -4.6609057330711465 0 0 0
1.0915479808840569 9.8828475347199998 49.375142800295066 43.098180541681273 0 0 0
1.2818512023504089 64.478684403851275 -13.827581228884966 79.342857702056079 0 0 0
0.60692040225751975 90.932006337588234 30.938615055916927 -23.985097421005619 0 0 0
0.79573118048496572 -4.163354032932034 -61.088334659504575 -66.73367856529444 0 0 0
1.4260276344671863 4.6169454351429096 34.019207082915727 85.921175605956932 0 0 0
1.2983903236930581 16.186410539744472 -82.074732644888215 43.527157493416865 0 0 0
1.0998578077587826 95.345047687768187 64.634804120918233 4.496209189383606 0 0 0
0.68483397580490535 71.883158929698084 59.956218590095574 -63.082973727715974 0 0 0
0.94291744336103311 58.68145153424129 -62.954309742557243 83.550497482370702 0 0 0
1.1367911393624708 -82.592207683085206 63.149728896375393 -25.298062919162845 0 0 0
1.2897487883607668 -77.539131854048406 -99.483197324378267 27.597040943876451 0 0 0
1.272762752889838 18.707714783223636 58.748770934905849 29.321182435939306 0 0 0
0.7621601678935046 -27.845496292643787 81.178220074617371 53.988940636628456 0 0 0
1.3349555899692076 -48.871000379469685 -39.587899866489437 46.391613375153668 0 0 0
1.7767613878785449 34.284933210524656 61.905996160001962 53.331226953097399 0 0 0
0.72455595024763353 -15.211037245962416 -69.403239871067541 -52.952883384748631 0 0 0
1.803889431433126 -5.421607156153911 7.0716211673216662 -64.310806007324032 0 0 0
0.96840767330384292 -53.950767096040238 -58.762767603290541 27.5921588086848 0 0 0
0.8853257699748317 26.403096895241447 -88.30907677325996 -71.645121625775147 0 0 0
0.91181039064696023 19.409382629042483 35.16824923898767 -11.456606844238991 0 0 0
1.1686863737744977 44.903369653858135 -96.83578262606467 -31.781994179298351 0 0 0
1.7280605891003717 20.643881107871877 -32.554574044219279 81.104959527886791 0 0 0
1.6589340945731945 -47.020910536897397 29.057966362948434 19.150145533224133 0 0 0
1.1017818703054918 -26.608784481726047 -31.287905330459751 23.431156871607357 0 0 0
1.1636149031352567 66.372623830989909 33.920523294602191 -86.01367865687439 0 0 0
1.4602523406153938 -45.770513660273892 18.562397727746486 36.026385549962413 0 0 0
0.84624378413414503 -8.6282703408815991 -61.935027440404426 -89.532226246339874 0 0 0
1.0677146320210791 -27.411146198313716 99.096097171203411 -10.729529395203556 0 0 0
1.0003543303343021 16.095001486136695 -82.246521415081958 92.333147160598315 0 0 0
1.4524400705152551 50.967564372811694 -65.904412129850414 -18.104429098971764 0 0 0
1.1340336752228939 64.361288698873068 -99.752664018601024 -39.82937860546766 0 0 0
1.9718545553035494 -5.0226925501856101 -23.49474290724946 -76.0341991561166 0 0 0
1.9612469476645287 -95.994729308764633 47.436044551082119 53.719961267290671 0 0 0
0.86548506487392252 34.311689335947563 -81.414171144321656 -48.590545839463097 0 0 0
1.6818529764734409 72.937239695120155 21.69728223829128 1.3676857494780563 0 0 0
0.73895602991642484 -87.378192101198024 -76.47019461560248 -54.528539334278165 0 0 0
1.0125117531033858 -23.818094639101233 -30.735647627727928 -52.18893322455893 0 0 0
1.2645863669064601 65.057221162390164 -44.059291603184235 88.477404110469053 0 0 0
1.8100049929695419 -67.647158842735024 57.255191631586854 14.917475660190149 0 0 0
1.3498630435178609 -21.791446774665971 0.23059897164397114 -20.56424389916495 0 0 0
1.3095989207910721 25.590010584213289 34.860761341667882 6.4962376783590088 0 0 0
1.5821330968295422 -71.744391191474847 -57.603501957374135 63.747001313822295 0 0 0
0.98379196718367257 -95.421235151450148 -69.241769883151889 -55.277113490973086 0 0 0
1.9359843255996587 14.608285668101644 86.546147318602181 15.032669986713714 0 0 0
1.2190316603981861 -37.25446309605546 21.274189600849397 -72.160395957200691 0 0 0
1.8473924378420645 65.866481408700793 -36.493710280636392 90.559505042739488 0 0 0
1.7378011513729568 33.261377184948628 -75.647617812848907 -4.3531944943511718 0 0 0
1.2591613318162778 -53.489729103857357 -84.006921343360318 55.344725192968241 0 0 0
0.68305258451698658 18.858150925137934 87.289835434025917 75.221038773010548 0 0 0
0.91662894437538167 70.289727957251699 -99.933497624433301 -96.462438524885187 0 0 0
1.4038297390633687 -27.040355342896603 -22.707830455525553 12.888217161472397 0 0 0
0.78767367887104456 -57.648928814576919 -3.0796827255671957 50.850709620624144 0 0 0
1.4292466298413162 -40.528991134137136 -13.932563784360937 -65.867048118301653 0 0 0
0.61194472718363957 56.539208959852573 -46.922517693449038 -64.446723177049037 0 0 0
1.5374270881382381 23.610334101239758 26.63792388091899 -54.221079871212282 0 0 0
0.84896830264966827 -55.839473213291754 -65.249480479105671 31.144733895729104 0 0 0
1.7720238250425462 44.863494552023866 58.418725623316618 -19.040313414921783 0 0 0
1.4811137018666316 -29.152752356854151 5.1009250044710512 -3.6730309289819729 0 0 0
0.76533071190149216 -22.584247741214256 92.76445530212041 -50.283948052160845 0 0 0
0.7007056093132662 -16.28387475007473 58.067547018602141 16.429645766495412 0 0 0
1.5214622472739858 -62.061030085333172 23.789638492060377 -35.299920466951946 0 0 0
1.7514550549718972 25.859760318007389 -60.228744662558952 -87.076665237474387 0 0 0
0.5639498196401086 -25.718285865715984 -46.829772735492504 29.21802450660428 0 0 0
1.2490007501751106 -46.79614306220985 -70.152444201610862 -74.560046312946767 0 0 0
1.7969905849837402 -51.30440670416337 30.342129698831457 62.137185152434654 0 0 0
1.4211219722786528 71.913046966980971 -21.521256423581079 91.244437256130226 0 0 0
0.69971750148994083 -79.570093753033575 31.73842987915981 88.566227644468029 0 0 0
1.7133251881534703 -84.716627773009094 -44.126458454193987 86.063777741085346 0 0 0
0.87958764996324657 56.234084437683322 65.026439515011248 -0.90957923619069447 0 0 0
1.0795233574437515 -9.9751134451889527 -54.607061267054192 77.878183900096161 0 0 0
1.1759294870076649 76.491888450384494 -78.86130492434981 97.655053983323 0 0 0
1.1649096314255922 -90.433835625637897 -92.395630150955498 49.241451457365969 0 0 0
1.4885533007500891 60.426112360883707 -78.926493131031435 -92.885827272566573 0 0 0
1.2628689328987972 -22.480953869525891 -7.610611694247865 98.317681406463294 0 0 0
1.9561249346063834 88.463077823382491 56.768535946559666 -29.031727361250873 0 0 0
1.1181964030864564 9.9232079507035991 66.106891150600404 -86.257433529739615 0 0 0
1.1364453318290342 -83.476466777690462 2.9315165747968166 79.780165151127619 0 0 0
1.6737273807970732 -54.43151706041661 95.198169752241256 33.470079972499036 0 0 0
0.51564154850983313 -48.917303834045931 -47.857341001973822 -86.149139293719372 0 0 0
1.9397397797940896 -4.348940098178474 79.162919430153039 -35.556900037057289 0 0 0
0.6878503537033851 -5.1327782546718481 -77.208673861810453 -2.7968996855485528 0 0 0
1.8804457744987761 4.1536278905381039 23.299945882138331 -68.672312718980081 0 0 0
0.56560343822747083 -77.838408186181098 19.706315637011244 -80.997660373122642 0 0 0
1.0639893326578314 10.018388062346588 -22.269440002767141 -67.263240292065802 0 0 0
0.91068696554624795 85.663507284628821 35.196455340902389 -0.79043273825801919 0 0 0
0.51907233366053251 98.483080633255213 34.290986940539767 -36.615504426139076 0 0 0
1.8189029829325283 -48.313676759297294 8.8033161553985764 27.214152563933339 0 0 0
0.83159506242549108 95.67945587730685 49.638380754832099 11.562644584499807 0 0 0
0.77089189788435375 -89.228357390679335 -35.988032856144542 50.637466718676819 0 0 0
0.90399694570270472 7.9112453357031569 45.589435661359403 -78.411257212757377 0 0 0
1.5279470230912773 -81.625822758023631 93.025948936947856 -2.3211740789231214 0 0 0
0.72601416002930586 -31.523273333874386 -17.316709936931659 51.637001547135299 0 0 0
1.6151356736397189 22.388100740889101 -78.8138573385054 -69.686125658218657 0 0 0
0.64063538157691435 15.43455626225672 75.42768831533806 -13.239897565863956 0 0 0
0.74127225827893883 11.60846620153437 62.350443331959269 48.342411743788006 0 0 0
1.822176159380398 -44.419580512130175 -61.209227046967577 75.963297458435164 0 0 0
1.4863404675154261 -37.814213698541955 48.469609979311258 63.023676617679712 0 0 0
1.4224673677058839 37.576821501740454 -24.948019564366689 7.739133051773166 0 0 0
1.2862387572720972 69.609557511528465 67.992797203408117 66.536093272050437 0 0 0
0.51654742393144426 49.909096593152782 51.735278449862903 35.675764985752323 0 0 0
1.6343969905260944 68.394075247872991 -5.9361902388928343 0.4100420920481298 0 0 0
0.68707109033002089 -22.924823389932996 28.673035066975785 56.079954361639494 0 0 0
0.8258136475526946 -72.435419559802654 32.608400536306476 -99.62402333446677 0 0 0
0.76755887876344553 -94.185724435224273 -66.622976324540133 -63.736143924505775 0 0 0
1.0815103955546617 -19.534575189790189 74.852493712129188 2.0219428688740777 0 0 0
1.5851071486164554 -79.172529090901207 -54.912248552777626 40.588688271189341 0 0 0
0.57920594218675747 -2.6804674601420828 19.873793314977917 20.429129284107546 0 0 0
0.53439921720529238 -35.578399020012029 27.298131515190732 -70.200052015620358 0 0 0
1.5431234768097815 49.185041120938877 96.393838235405127 -58.03160123956944 0 0 0
1.7376959970413992 4.0593155900607485 -25.307480411594781 -75.524647666725684 0 0 0
1.6032584105833174 -52.828480283076907 -25.715598553018623 -87.491554756620346 0 0 0
1.7020503751461715 53.31770399285773 46.723165782091542 -40.111297837779233 0 0 0
0.76022010691553543 27.510652198514336 -0.7667234336874742 -64.349506106895788 0 0 0
1.5288669069245235 98.2252857838713 49.443918272843689 47.997276782236668 0 0 0
1.9254691317579262 -59.412726546275927 13.109993337862022 95.929342944279114 0 0 0
0.74794116697780955 40.050392319736829 17.162029306599493 17.295819047451815 0 0 0
1.54650593733173 85.923385364845331 56.516387420647106 -88.772778821146147 0 0 0
1.7790920258008283 -54.891734131162202 -24.617168080400205 -7.6534360720806944 0 0 0
1.2213589988600351 -12.963919862981726 87.470659588379192 41.203801496092638 0 0 0
1.4467559768120339 -90.03159417395473 80.782665625584258 81.878037866971511 0 0 0
1.6703195951774892 -98.594160204310512 -88.54394961309093 -54.95525984284896 0 0 0
0.69702411475948467 -20.232794055000227 84.524611558363546 -5.5879134378882469 0 0 0
0.52010394619659561 -43.45086109503368 -91.081018324147223 -92.742474876242355 0 0 0
0.91357977907000076 -44.877532578679791 57.425320796028473 94.966930581701263 0 0 0
1.0568106376817274 -14.222623465610752 68.957887238345108 -46.372195809301431 0 0 0
0.73457270397293595 70.617924793044637 -90.699882338120901 23.939887483727802 0 0 0
1.3429892734530513 -30.815910355223096 -36.962095576691411 54.371545948604847 0 0 0
0.62963690795493665 -52.643137476414751 46.489746823060472 9.6641158062866737 0 0 0
0.6919823149091312 76.427122185014582 -21.310429790205205 65.573675606970596 0 0 0
1.6815695285629924 24.885088822811724 -1.1037749829319807 95.910168671109574 0 0 0
0.7174476027453307 45.031146269951705 -61.76186035396077 -32.347378853460299 0 0 0
0.96304811064524087 89.407197617553436 93.471235577414149 -63.396910002943763 0 0 0
0.53305273879578885 44.001608535239797 -16.402012192396583 -82.231951120730173 0 0 0
1.5256311597246499 9.0211048983606759 96.103365324595501 -54.518100800236276 0 0 0
1.1059668161417844 8.5091610775708233 58.339996918461679 9.76773131209589 0 0 0
1.4193502409186465 -54.770589755767709 69.383744963365643 -14.27389041126257 0 0 0
0.71143943216853356 32.837582656447694 -56.781909202692319 -80.487498190765166 0 0 0
1.7929803634047143 -7.9675472149734645 49.856742036108557 -41.882487593897068 0 0 0
1.6804552015600283 -77.612815540633036 -28.805324677079753 95.612363631801685 0 0 0
1.6909845720692387 -0.54881345544576732 -32.044504620071322 74.427140702429256 0 0 0
1.3172716437250047 51.685002601249835 50.821536209283011 -96.410863915486914 0 0 0
0.68938066689468036 31.925872661072304 -67.676038114373483 -48.901330778813993 0 0 0
1.9199569361187039 12.036450554208784 50.145901552633831 11.596148497053079 0 0 0
1.3287704218041037 -81.169617592114747 -31.26736271828733 -43.513820510859588 0 0 0
1.0860925461882847 59.66883760401106 -25.613467110997362 -9.6606363236540886 0 0 0
1.0960720908439612 -81.318406277316626 -11.785569564643694 -60.878145184159429 0 0 0
0.78008494172376808 -81.192779190683297 -28.66580508243581 51.496376506651472 0 0 0
0.91466253038178902 -37.530180456369067 28.534931354127536 -60.831838175842051 0 0 0
1.8454368945380288 4.038105231385174 -10.479411708286264 11.564037469024726 0 0 0
0.74905146721049487 22.694627163780922 -27.379853424747509 79.437269033218882 0 0 0
0.75328130261398774 1.4102208420411415 19.622526836614654 -93.323278883378222 0 0 0
1.0455396796521583 46.527047450374312 64.075501992101437 -37.367601499329119 0 0 0
1.6978899119795499 93.551175930318323 71.374786742192896 -76.47120315197779 0 0 0
1.6095954962553003 -36.066633905041648 97.683197304938318 -2.9282042562141442 0 0 0
0.68365084740243975 45.037110041264441 -35.397760493928971 99.41563136717096 0 0 0
1.9696736910433723 31.226804592995421 -74.034708777338579 37.37219888775644 0 0 0
0.63954572468987514 -94.127169087184612 64.591688835963311 -58.049409375979657 0 0 0
1.0685406913094013 94.691477843164307 -32.631899640550273 -40.702044551345665 0 0 0
1.8773119954226063 -77.850311736539297 51.916482844866948 97.613113760685081 0 0 0
1.8519440074932649 30.333583607414596 -37.187841140699327 -49.135603413088326 0 0 0
1.7288826555575521 75.964382841635938 5.086983616240687 -51.132012197107002 0 0 0
0.6694148130640436 -82.564105380979441 43.815489118017126 -15.976254537707462 0 0 0
1.8580398079270866 47.934260328670092 -61.747916720325549 22.755483293385552 0 0 0
1.1532581825686434 15.44994710110727 47.613824175315671 61.239176049895917 0 0 0
1.7656059889604643 -49.205024774227994 -93.776880175148037 47.858947335102812 0 0 0
0.6595155863357397 -37.016083191842583 -99.236572175923399 36.333896874899096 0 0 0
0.75069800945052934 31.056482524412559 98.34852219685817 -85.465825030717951 0 0 0
0.61561702166658683 -31.923982377961195 73.277303282830417 -56.894026020883828 0 0 0
1.0405667325151073 -86.29891778283546 52.631058917995034 -18.338731475921975 0 0 0
1.6388730959686786 80.721567754554798 -53.447370935641018 61.479205301313868 0 0 0
0.58864083739059769 79.769477931083401 30.153709010234422 74.845344103276489 0 0 0
0.50028260238610633 -66.183784857371791 -22.048123129131753 -24.099419384866223 0 0 0
0.84009556942399066 -23.677611869547349 -74.230256790916982 -17.447774746436593 0 0 0
1.7035315033200198 -4.1859867931008097 -96.399981508844135 -15.711192458773752 0 0 0
0.54076251867456737 93.248681999653428 -74.509208403526003 41.5376659882414 0 0 0
1.9591644788017328 65.207809345366883 39.863074699135581 67.892183168088394 0 0 0
1.9726980333279376 24.268899018075814 11.836961318118085 25.647622128238481 0 0 0
1.2990138356676539 27.017820732738883 -10.031557647848786 -56.311363395648989 0 0 0
0.680370840955416 -86.331812872518853 -47.336842860256581 -90.775286767543577 0 0 0
1.3507561646445203 -43.234310137631006 64.906961345172732 -85.151824886055778 0 0 0
0.83952724105814858 46.049228929910782 19.761659612096523 -87.101745882623703 0 0 0
1.8158591859634832 75.452351656382149 -33.918398773865562 -31.918831654208631 0 0 0
1.983542543798325 25.235235606568423 6.2633044588830842 67.630436887941784 0 0 0
0.92793551266469698 -14.163481675336584 -46.444665892850288 57.832168694373109 0 0 0
1.3600240199089852 31.765014888786055 -49.53855056950632 -55.954940392106138 0 0 0
1.2325619462408284 47.513150615381676 5.0479505254820651 -93.470865073165541 0 0 0
1.8028272511446384 -87.062622521571498 91.164897376623884 -94.971608763012455 0 0 0
1.5416756872497894 -83.558587383924646 82.135316232077145 -7.1133532824648569 0 0 0
0.70628566065822251 -31.836860505774453 -67.035064665017501 -65.883617594680743 0 0 0
1.9221624803986945 -10.950778162511639 57.760452879206156 27.921112752642202 0 0 0
1.5146395455478108 -73.661311179755074 -53.163111065317651 57.350066834339486 0 0 0
1.956149303291808 -47.46487235407232 -45.686246829548338 -5.4205733071709545 0 0 0
1.9757604666788575 -46.208211430056664 -18.60561791648604 78.296003726820118 0 0 0
0.50438155091404624 -92.046806385654349 20.814335601054751 81.476033946762271 0 0 0
0.8582849938445809 -6.0716460795693905 -9.9069389993542529 -5.4057309249720049 0 0 0
1.433779542269898 -6.0512476975052749 -10.50637142682541 -5.1423153243640769 0 0 0
1.38630116179364 7.4014989899738026 70.827200263994996 -90.100628882289669 0 0 0
1.7499756093203565 68.784923247840311 -43.018396193719198 -7.4296098975995193 0 0 0
1.1578077336782306 -56.298032422920286 -20.640630577101021 -91.122445962694997 0 0 0
0.91673310785499185 63.336436049873726 -43.087539817807595 63.641334353809555 0 0 0
1.297399200073154 75.972535942924338 14.955910598273022 -94.066355802387818 0 0 0
1.5131303144712747 -91.029287236637487 -9.88059588741433 85.885339888347744 0 0 0
0.74780590888394438 -22.025529695927347 45.972062015059777 76.451710211626306 0 0 0
1.5064145092296917 -48.365349475572231 34.921571454401374 -40.654472992319022 0 0 0
1.5776438430733246 90.806625595086274 44.278690443430037 72.576100751830495 0 0 0
0.50315576895480096 43.514425915253128 65.917511948272903 -91.888252642959131 0 0 0
1.8073965901056521 -48.661153684994673 33.058419968676191 60.070975142709841 0 0 0
1.493996766671621 -81.543041562239964 19.264303805354288 9.9167305705578883 0 0 0
1.8504819071681162 -19.152053675101712 -35.783780269316395 49.970151873061951 0 0 0
1.1190129823313533 29.219235324700009 29.290017936316787 77.607812842443593 0 0 0
1.3980386077637066 0.43072165037185073 -72.225735213789335 -76.852479162007256 0 0 0
0.73148234046969107 -65.630304679567985 27.575418619624031 48.196249647092003 0 0 0
1.2949872937411255 65.803545809650984 98.252646510208365 64.002525859611893 0 0 0
1.5423235585953947 6.4985399796643435 -10.229385909855338 -83.121523704100383 0 0 0
1.0990531271942425 82.026927361438936 61.604526505014093 -56.789726086024082 0 0 0
1.1999116773984282 63.34464064469438 -86.523090039738847 -22.521482927463737 0 0 0
1.7777618542403772 -19.220428009055041 -84.477070873930742 8.506873635360094 0 0 0
1.7926137354130556 18.057109312572763 -54.744179013817593 -23.152075717301088 0 0 0
1.1751850331746119 15.853269950373218 51.870204923517775 -80.225275902497344 0 0 0
1.8344780466235941 -97.538058479214143 -25.989532732815832 -94.515938050994919 0 0 0
1.0894613400004756 5.1625203196147993 2.3362771316688793 -66.874329970830104 0 0 0
1.4686107657956411 -91.044311032509711 52.381363552533884 89.328887236578282 0 0 0
1.0096532467826478 3.4478758007962256 -24.217944515597907 -98.657922323937413 0 0 0
