100
1.694814476431769 -63.313042421326301 55.938199522532244 19.370032316011304 0 0 0
1.1687491363226501 -80.005015891231849 -8.1502224291635912 -33.258277696269744 0 0 0
0.71430022162424223 30.177694685201743 -88.717684707577135 44.399754329114671 0 0 0
1.9078290715694111 -99.844247046283485 98.442312850701853 23.496301480727482 0 0 0
1.4174797437052158 -98.586738271417261 -95.387514287980977 4.9549323642267495 0 0 0
1.0997914667049842 -90.666866342560667 94.751104493259675 -53.445731924550522 0 0 0
0.63590965331161975 23.677202956060682 -23.507601991311006 96.646177187293517 0 0 0
1.2001443479416478 71.988080630379301 36.061507771142999 -9.9001493225561461 0 0 0
0.51989743709507807 88.440350859839725 12.657643014827372 -22.916698744129519 0 0 0
0.52394938607628472 -53.821235844042519 -51.794906161528402 36.652704861022187 0 0 0
1.4149949850242254 66.638982645011367 -65.327070558704975 -21.787878083562461 0 0 0
0.77335413030538946 51.072281769594298 -14.968824511779886 -58.411667238917758 0 0 0
1.351550490902752 -93.737341641222386 68.45695460073577 -10.049174177687021 0 0 0
1.0927253474735767 85.331772449185479 45.454399222410274 -34.691845675843098 0 0 0
1.355665963988923 4.1668532041824875 92.234405737613656 68.906770102927936 0 0 0
1.620980166500205 7.9384259074623174 17.350233710777843 93.051062168402296 0 0 0
1.4105513749926821 -44.800163221419979 -40.745298744136271 -66.946611702339865 0 0 0
0.52345460749040962 -15.319704590975917 -21.023696625035043 -41.302364729404651 0 0 0
0.52111973543844259 -60.231519359375284 42.268389822303192 58.03510708403806 0 0 0
1.4089399706937618 85.26017559105739 30.215406108576133 82.991935085312889 0 0 0
1.7750578628142026 -10.109865124183798 -80.9179767812184 -25.836348996331992 0 0 0
1.5032618855979465 33.184470437708455 18.259557137713117 -45.055641716459881 0 0 0
1.3418651345024861 -23.414625112329844 94.342418672498042 69.782763845904014 0 0 0
1.5825942771372334 -52.803016148448123 -48.78633554228734 -91.913281637532847 0 0 0
1.5659943348225438 -77.821834691449027 -12.132698529147575 -59.656158736539474 0 0 0
1.8436453972354401 -4.9259550573113131 12.655114955937293 39.103216096226618 0 0 0
0.70899718053670358 20.883475535050607 7.9682178055114434 -59.387754054947237 0 0 0
1.9142803592475126 19.773093148925341 38.956987219385411 76.09356768248702 0 0 0
1.4365310666371478 -40.873262388253565 -78.901148371705602 -8.6930858031166451 0 0 0
0.8276606578625525 -16.698010862499004 76.656052372071855 -35.130995533459725 0 0 0
0.68313193000181582 -28.740431699152509 81.365689510386602 -45.573550457598088 0 0 0
1.4715351851987426 -99.895924682397961 -29.486229418869371 -39.043748245540513 0 0 0
0.74698377575502461 6.8178844876004092 -3.0340046893148127 38.487206409783482 0 0 0
0.90411850010971495 -51.174895868747718 -66.341790792396779 -56.247155399843912 0 0 0
1.3371530033830055 -19.232765412748847 -87.021550658921271 -49.216917437883936 0 0 0
0.87031409562185202 39.26085411812096 42.454117652831997 -70.382614233490159 0 0 0
1.9966107352933058 -46.643796840827591 95.322990492431643 -17.792596132369752 0 0 0
0.54957610393809575 -30.98575029155954 26.870268625592161 36.14109145661638 0 0 0
1.2964018765411671 -10.443367367170154 10.578617732303712 18.539344810045108 0 0 0
0.62127998890546232 -26.069108035339994 -51.568012673517806 60.627950994680447 0 0 0
1.2054509461279201 96.684627310945928 -20.235111302066144 63.286375931267372 0 0 0
1.6975176834118166 -69.856491273487805 1.6397562958663485 39.162562004594065 0 0 0
1.7875382013295691 -34.808218684471541 -55.951790340358187 42.229906889451087 0 0 0
1.7142515773345111 -30.266802607733027 -80.764689732102084 88.104652248991954 0 0 0
1.0963580299952083 3.5502690070651255 67.542021346126205 35.138023371692782 0 0 0
1.602824186094012 -58.185676433449913 8.2895948982189225 39.156879944602935 0 0 0
0.84282502750561394 -65.009015069343889 96.433668575120265 3.3271783755719895 0 0 0
0.89124376531561744 99.250739824113083 93.083870275556251 11.658689607736463 0 0 0
1.823954518849642 -62.258577782981959 -44.225729613610085 40.071565767247677 0 0 0
1.7699917088236969 71.264857980288127 -19.098374718470197 77.554018831806047 0 0 0
1.776392679070832 87.126999352320098 57.068129031063449 33.7976504070011 0 0 0
1.3710299423918229 -25.54344613993554 88.02668862517325 94.732768492004908 0 0 0
0.92588146624797774 -38.927228135950486 -2.8772502416403114 -10.315172248897369 0 0 0
1.9916862014164081 -64.814950375618906 -96.384927457562682 -1.2212568317889634 0 0 0
0.7682340608416357 -26.706242945674276 48.834103702084775 44.187984003183601 0 0 0
0.96209119248353392 8.508046696349453 1.7628160348941861 27.266524237008568 0 0 0
0.87569273260836566 17.974169423989466 95.778571347380534 -2.6515698808665604 0 0 0
1.8591481772805727 -13.121126842166362 -29.984318241718626 29.020671569865044 0 0 0
1.5033860890812603 72.833512746380535 -53.962946161849281 -0.16132370929922502 0 0 0
1.3580062996878191 53.710803344115419 -91.279244439421575 98.910101278550485 0 0 0
1.2049167707820163 -44.087932354122003 76.698804177104705 49.543756030972986 0 0 0
1.9296077615635434 -33.849938356861543 10.552992551968615 14.458493840259251 0 0 0
1.9704973758071267 -84.930748313059595 -38.860595398841014 -61.817793576740762 0 0 0
0.90271228209061194 -2.9440252894106322 -25.46262661137186 -21.061707588061623 0 0 0
1.7663197109718416 86.00336623825271 -85.916773342990268 -58.216256597210815 0 0 0
1.5067152692755943 -28.270642878950852 -49.167269554916579 -40.941883180368244 0 0 0
0.98382614711673455 69.733958306758126 -72.675734353390723 41.782199856940849 0 0 0
1.3292299643017438 -40.697972043715801 -16.043828716065676 -48.758611743798788 0 0 0
1.4172705644277408 -83.681163382099911 -98.96302788931213 25.578881963226777 0 0 0
0.79141092991862516 -85.811817289797403 -20.643235104998254 -89.846294475915258 0 0 0
1.8299257262458577 -94.476645517256344 15.772979025523327 -12.305174810160793 0 0 0
1.5080392132204539 -34.36946635898471 -68.991676277220336 96.368178610813089 0 0 0
1.7584002539352077 72.080924808552169 -49.949727206001981 -92.2330539190514 0 0 0
0.95489827316112375 7.4164857324301607 -34.669752226813671 65.573799960419677 0 0 0
0.90731438101618322 93.050365672252184 -8.5469674960295379 68.404615162189486 0 0 0
0.7915700558986335 -17.729218419112513 39.902441321901762 -72.329382242754576 0 0 0
0.69911812795073192 93.907373490550185 42.919020797885025 -91.786496978115451 0 0 0
1.0982313574507785 -13.295852287168046 48.808529667508395 -49.827893400636668 0 0 0
0.77650050947862348 -83.825406527023375 -14.337104613148597 37.69998008832215 0 0 0
0.58729039146877582 83.042746464409618 -11.529553767459618 -52.042527531728012 0 0 0
0.64080993466168645 -63.426800411446209 86.922799640344323 27.654117358845383 0 0 0
1.2750443880055795 31.422266351892461 -12.865420963878094 46.007864019447965 0 0 0
0.57157418961389928 13.207442744063741 -68.270710746013904 -75.967069447140858 0 0 0
1.0128195085613034 -81.640185643170369 -81.168601752910632 -37.717338044162432 0 0 0
1.9692657954951727 -64.933946509675224 -96.567779058861831 52.672885036926431 0 0 0
1.7103694674413241 -30.73913587846458 -7.0652367000839718 29.954736141201664 0 0 0
0.57208838828321484 89.829146378480374 77.336077561373543 -47.821275003007422 0 0 0
0.52295680671509326 86.687261733499355 0.20797697376163171 7.8754898093868775 0 0 0
1.5259456566972753 23.170233478906297 88.77832065665018 88.850319462009679 0 0 0
1.8007984032248534 27.28071955897731 60.189859007495926 35.433668437203124 0 0 0
1.3600505561526526 -74.299930006112518 62.240835859358924 64.127894236967734 0 0 0
1.4389095050078344 64.085367339947396 30.296953393201846 -58.663127808582473 0 0 0
0.91094170005379405 -57.082175693038792 -24.548182771504941 -92.207372373984114 0 0 0
1.4273808248438091 -32.689156072074226 31.144527768305892 -22.92067574714423 0 0 0
1.5224205066373835 -31.875085969303171 -47.861093896698748 -0.79250902487640928 0 0 0
1.5393355390236825 -30.332679222489844 87.329629558554984 -92.162734648330513 0 0 0
1.1269190472323927 93.516111225051844 9.5943765380435764 -15.305812462352236 0 0 0
1.3527804249026631 15.184913706352688 46.329550584336062 -74.462054510944625 0 0 0
0.87502467086492741 16.108803440649666 73.423321095332682 12.373338636511818 0 0 0
0.85789528903263135 35.968955905595521 47.981752024538395 -52.352769544602239 0 0 0
