1000
1.0788117585496293 58.344052455933394 19.197768457682287 -79.748017326406313 0 0 0
1.7707092388336736 6.217068787933286 68.34467273971967 16.044303365884943 0 0 0
1.3395326642743437 -78.948162568081102 -66.528052804606304 94.405051373902381 0 0 0
0.84273013012213271 95.490423917190014 6.3825399850241382 -72.842190556041089 0 0 0
0.64895331256005684 -58.227185297804141 85.127465894024624 -17.169954144023976 0 0 0
1.0931514080707072 -37.358748678893214 -70.587629230869297 -2.4297600398527948 0 0 0
0.69507166695172606 67.096048309471598 -25.920603977696089 -25.039285609688662 0 0 0
1.2110096336041927 -11.174457991104404 98.97159419967528 9.076223188392234 0 0 0
0.63230256258417383 21.375468107331798 -69.683140611223152 -93.812470864994367 0 0 0
1.9561132376730135 54.707778493891794 96.021798464535152 -4.4243108409389436 0 0 0
1.2983862950537743 -66.332609367477488 -50.618514941916715 67.709843387531578 0 0 0
1.0342784681498682 65.36299443348932 41.802745138264044 -64.565813858312367 0 0 0
1.2611695523575115 35.477465313973255 -52.992557535402121 66.137701783628074 0 0 0
1.3172414836791724 -66.951590760272126 16.596886449515253 99.942761479839533 0 0 0
0.72578223484243864 63.351385371118539 -58.538199798720989 56.477665733628839 0 0 0
1.6018668758894252 -39.902122976243739 -34.83537632863009 58.504278565262325 0 0 0
1.1921682720843214 46.163605442331743 -70.403170241269379 70.511555859793901 0 0 0
1.5663270705177725 81.388562430768474 -73.525524221931136 18.602899972537017 0 0 0
1.3986808701567777 -29.307851673935389 -8.306715705739947 -92.403686518316661 0 0 0
1.6187900564856776 9.8644960108450448 -88.451790617554408 36.151179289175673 0 0 0
1.2001731089348093 -93.107748316736405 93.921545424686855 89.822428773566912 0 0 0
1.2693536221501449 -81.265516021242945 50.924243940199148 -1.6137805830897918 0 0 0
0.9536712211284547 -1.7163647629632663 4.4888292572360342 12.542340029181133 0 0 0
1.1618355741125292 21.151061094670581 83.74694285501144 -27.54638257937853 0 0 0
1.5885746909458933 78.890510875060102 -8.8041441989718265 -11.308832680453349 0 0 0
1.4031754746663567 18.281351717399801 61.317867346737955 -4.703323405420079 0 0 0
1.9941844337854331 -88.105687167995413 -99.366430339684612 28.039661815350399 0 0 0
0.94765235885755472 -51.923521985621647 -37.620183915716709 -48.790487512784786 0 0 0
0.54618507033970176 94.306608220116829 -55.850902356831703 46.805953556968944 0 0 0
1.6438945926559796 85.851479576753604 -93.89010864832801 74.409666784233735 0 0 0
1.2908392731423488 26.508822996841516 28.894055834943231 63.959560327172085 0 0 0
1.0001109831981956 46.610237764136855 5.7156218779601602 58.678804242864629 0 0 0
1.9858190387052705 -59.869796689701225 98.929728273154296 -82.037569217920804 0 0 0
0.50347633192826269 -91.167613770146147 -31.643520121561849 26.581265257398812 0 0 0
0.60354431488334992 -98.866837651336084 87.418204907021845 64.385327499775343 0 0 0
1.7137747511704944 76.884853875549339 40.006853772603051 -79.119172756857978 0 0 0
1.0986502843752752 44.629897246492476 -43.933107840006734 37.481272379287674 0 0 0
0.53674768228332037 -38.772531875129332 9.8260674322406203 26.417965307412587 0 0 0
1.3655609905748518 39.551256594606116 -98.782251213103692 -79.811759900529154 0 0 0
1.8034163769995479 36.3497287640146 -77.413671460148777 68.414886365673709 0 0 0
0.86334682854166567 -4.3480229700409581 -70.960697482795183 42.022011851561331 0 0 0
1.5002816363946325 -57.77750470231797 72.680153010058405 -19.738796247122607 0 0 0
0.93877263418520429 -69.534081596451443 -46.766397803784223 -95.594615214219743 0 0 0
1.3748862355673321 68.44614923356275 9.7960896895280598 -56.145207693778168 0 0 0
0.55050376510910493 -57.074385015131298 -16.775714496252405 51.92228670454665 0 0 0
0.78176427939543058 43.958290987119966 73.386694467770127 -9.2106308113155109 0 0 0
1.7321479817337351 10.931470507047322 27.418167287100843 5.2556925305452751 0 0 0
1.1947590731696454 -53.069312231896788 -39.361188336157483 -42.005976345205752 0 0 0
1.3449334009384624 -76.009261444203091 83.358338202483765 44.131029014258928 0 0 0
1.1021684447552809 -68.275170098212755 76.398433804711061 64.755618159371807 0 0 0
1.5825823391658105 -45.690591258260795 -19.510672206587842 -79.450348377340163 0 0 0
0.78355928696696697 56.60332872118471 43.007744152417956 18.697152532458759 0 0 0
1.8435900940234924 16.653303385837461 -6.6063996479223164 -31.925850873635156 0 0 0
1.9106727542519186 -83.45690668835752 86.177475532343152 65.342932571745138 0 0 0
0.69489488739994143 12.996870664432336 73.309595968700563 14.361831700119552 0 0 0
1.8607997285861984 88.596763596491513 -15.523096060668237 -24.537268005779794 0 0 0
1.9044817283437534 35.028012979965581 -76.795464004888686 -91.541649834857353 0 0 0
1.3469435821149314 86.034193420207515 68.849740579384928 35.169550343596228 0 0 0
0.70867377636175255 -49.153723373685352 75.102244816396677 -63.438553890847352 0 0 0
0.91765911224043728 -74.079870676573464 35.22164541998751 88.796461778811192 0 0 0
0.90345204911359556 -4.9186787053307057 26.86794785698055 99.893249787583443 0 0 0
0.65721209907724498 -0.28584052994612819 -22.975976441204566 73.164033866506117 0 0 0
1.2139515922519131 -77.80449467442466 26.88482996117709 54.156123212012801 0 0 0
0.50432187983643262 71.791336222195753 -62.79540002497064 10.413871911191592 0 0 0
1.1236962428626767 43.930763092373866 -25.767677639983873 73.952634896028485 0 0 0
1.5957445391007752 29.542634909979824 59.248118252295114 50.804607136073201 0 0 0
0.55390801348528551 -21.053129048305493 86.161458824602931 -74.855147132108002 0 0 0
1.6056448230771105 94.918361553718682 -89.560274237541819 36.438776338246242 0 0 0
1.2022312173083913 15.835049757697405 -82.931732158632258 -91.398609695611071 0 0 0
1.5002999944965538 64.661886545740629 56.403067200980729 8.761146129847603 0 0 0
0.64980022734994747 37.608889203308166 -51.62222329458718 82.213740301276289 0 0 0
1.7573980395696169 41.876593978112908 89.769191161001487 -93.715636319776877 0 0 0
1.604300633943476 -33.951444672220859 81.213176787408884 -46.664959769922696 0 0 0
1.5872847535682111 75.529403633628732 -91.668635887862223 -20.470483902886869 0 0 0
1.6434635447841868 -9.0162222128424787 -46.549474458489968 -56.038930231103606 0 0 0
0.6972773990784642 71.425912341848658 15.071081608792312 -84.72301172944961 0 0 0
1.0738704814937052 -26.45326960798559 -63.652162061994559 -12.89847463995298 0 0 0
0.99814905564448064 -31.639258922389317 47.805311846227482 -55.347323114147386 0 0 0
1.462789942631997 14.129925303707807 13.618502719390847 32.601469210339729 0 0 0
1.3225730478227344 75.851021892120798 35.116019232527378 9.3926503799667103 0 0 0
1.7446446744370836 21.229312884770252 -41.771150018071005 -58.581016377639223 0 0 0
0.72849168432806799 79.891042751395872 42.027087326426738 87.475688579875765 0 0 0
1.404937703597803 -5.3198242334613184 -88.05670161976272 34.328456757301922 0 0 0
1.3733131300161516 98.041777683319054 -52.168244545221128 6.1474706877576892 0 0 0
1.4764360035739355 28.918234004847818 12.258709965402659 55.385602501947659 0 0 0
0.80747181748704078 45.125440937717514 23.946914365321078 79.215022555589798 0 0 0
1.770791658417699 -36.970591788118625 -44.752534358841444 96.330664127458022 0 0 0
1.2908977669935409 81.284192373787732 -67.223794833376729 28.5637830697992 0 0 0
1.7147902772738266 89.479049218129006 -32.53197195392633 44.996234275889776 0 0 0
1.308219512157371 -87.874214402859053 37.999948007414162 38.019312595119857 0 0 0
1.8959102131707954 -0.53751082123064009 -53.949816123073838 -91.087234418481899 0 0 0
1.1234632693700055 -39.616660496316193 52.217660915556365 -29.146446322934082 0 0 0
1.9236067957828999 92.462041120958531 24.181717870581849 85.732057563713937 0 0 0
1.6412815220445507 9.3719280073263178 -63.938412929578817 -8.2804099455095752 0 0 0
1.3413116939053522 72.792315723642218 -3.7333246578675841 79.534935029651308 0 0 0
1.5115234629658443 -72.600188067012951 98.996273194495245 5.4465317071016273 0 0 0
1.0877874526848732 31.822751985954909 -78.221337079972642 27.307728081798444 0 0 0
1.2473539993928617 -18.665185943487131 90.604004017623282 4.5079438938360568 0 0 0
0.82867622034491728 -8.2073045773645106 83.877480842033208 -64.780904790686407 0 0 0
0.82093555284888076 -97.394087090047861 -97.161990125608725 65.878324731723779 0 0 0
1.5981839101735718 -28.991788769704343 39.662230803803624 -20.958815004670257 0 0 0
1.9293451884952815 93.410535248802404 -21.441244717812623 70.844380984160665 0 0 0
1.6596335648129112 -38.000012761059629 -53.592033812434394 -8.353070419253072 0 0 0
1.6720232649240412 92.033556996039096 52.715813441438854 71.041397600044832 0 0 0
1.4045964631364549 67.081566341784935 56.884171208787649 -24.602891720969723 0 0 0
1.3279854603785304 60.950624860295875 -90.788652532065115 61.615856421276732 0 0 0
0.76683217915298996 2.9367234021444801 61.655088501463695 -49.235784025145726 0 0 0
0.86871116786334968 -19.44711971892184 78.928559063043934 -99.911443299500547 0 0 0
1.852074642823486 -69.238594673160236 98.017274886268979 90.969397217013437 0 0 0
1.2420127842318924 2.5440495482139056 -3.6901321839071812 27.088728657538269 0 0 0
0.63608255169556649 -93.476410314707778 -88.459415597914415 -11.12693068799895 0 0 0
0.91332191377079208 24.407912062346981 98.488458096401246 -22.735364909702852 0 0 0
1.3607618843312634 -16.87922098866764 69.454333216726354 80.447280418146363 0 0 0
1.816033416843831 94.874448511667509 -94.496162696657535 67.963233334289782 0 0 0
1.6276582619946636 -54.261117985521913 91.264018418081974 -70.364414659551258 0 0 0
1.51932489587929 -55.021957667429064 -13.723870927912216 43.831980208941843 0 0 0
1.344986964751715 -14.499633545983173 -34.732314407979217 67.931931594329711 0 0 0
0.71572152581618731 -13.97942573050733 80.751514010787673 69.169909970204174 0 0 0
1.1014126407305798 52.621672182318179 64.632166492769755 77.777484966271345 0 0 0
1.3167586573973089 -59.10782310158573 -48.938184623088212 -40.861064978589489 0 0 0
1.3907037170132033 -93.438074837670186 27.208494264961942 -27.129151203150016 0 0 0
0.94286270197562672 75.899313527195915 -7.9995214703064192 -80.989391430774134 0 0 0
1.7401201520618792 -90.47174757179684 45.349843955235144 54.781244541221184 0 0 0
1.0289039098789647 64.957571199846029 3.1318799197485276 -7.3412693629095713 0 0 0
0.56810492621935949 -41.994161005948094 86.201994699669456 -21.635206135102962 0 0 0
1.3200507793090772 6.4043362050106225 18.086218647659365 -87.73380837326097 0 0 0
1.0432643835162199 44.625654446642585 -59.887949751081031 -59.284324654092764 0 0 0
0.51513591372787437 -12.503614122795753 76.546877586767863 -89.619811391389291 0 0 0
0.78667805474112207 -37.983092108422632 46.344947173460099 28.127117625579587 0 0 0
1.1239158504439621 51.813787820209996 21.926203063811613 79.208160811240361 0 0 0
1.7270401172544674 -49.43727926758018 -45.71228386756129 -74.928704268223896 0 0 0
1.0054470838644569 99.908783235677532 -18.849767567278192 -55.902313441743217 0 0 0
1.6437243299166142 8.4942008086105432 -70.079710726130855 -23.862063155462295 0 0 0
1.1217045749345989 50.765939501323601 -95.865724994366957 -46.196071749212166 0 0 0
1.2763944558498792 -46.230652156110253 25.686810908476915 -3.6265035605792804 0 0 0
1.0425653812470821 89.841725658697726 26.431899438451964 -74.011725433430442 0 0 0
1.3401375466814516 56.146370624309213 41.697940161165519 -65.582153829331958 0 0 0
1.9586299938508125 -10.237270643332749 -68.195000205770768 -63.960849554407908 0 0 0
0.64735248546849233 60.703620568929068 -75.593901475845158 -74.974948461419189 0 0 0
1.775707422544591 -31.079182361173864 -93.828420281686277 -89.620939977137795 0 0 0
0.71325566905850102 -57.321330656048751 33.029238289949035 -68.53474429908556 0 0 0
0.67831158481650189 52.943827989565676 34.211056666777324 -12.935156535260717 0 0 0
1.3239646628314248 -37.603195733564966 -3.499915013996997 1.334528772301752 0 0 0
1.0808559096602977 81.314441735597512 -96.787626278383883 56.434251834880257 0 0 0
0.68657424772588904 59.509471664736878 23.182381722317061 68.655617626861556 0 0 0
0.64627149367157655 11.796126851577938 0.21757617149833663 41.238636049308269 0 0 0
1.3014358172238909 8.146913720622436 -14.080811103262533 -38.233116059340745 0 0 0
1.2233965377271363 -76.301528147298825 92.30266731135805 42.882153289392761 0 0 0
1.9287006770793955 -54.654523013320116 75.868203217709208 61.757997836232931 0 0 0
1.5157286257566676 25.005837311492655 -36.690068184861659 63.282157009067674 0 0 0
1.2522731919328343 -85.821684831907902 -37.42736814308595 87.059419910650433 0 0 0
1.7760203877365259 96.381139328369414 25.598677383087903 -50.497985490963018 0 0 0
0.74422257661610614 -62.617112693757015 -96.040868221369635 -21.863577315228397 0 0 0
0.78714151830881951 -17.668908305794076 86.998886131741699 -13.891958988548723 0 0 0
1.8169767506418397 21.10095342642289 -50.573689161410876 -28.829048537474137 0 0 0
0.62587930493257882 -33.307481909507558 35.508189615115697 -85.577780272231621 0 0 0
0.80810211868604609 -23.711792827866915 96.409906490913045 56.972364505833696 0 0 0
1.6002301150018394 -76.761807937534428 56.199179133353397 57.053762647245719 0 0 0
1.4016540523447119 98.072356875118459 -34.949218142877669 88.254490414462936 0 0 0
1.8720966644231296 -97.703867779096186 -9.9766941244014333 95.42084678628953 0 0 0
0.65468203317584628 9.5569399171823761 95.791502069370068 11.099084112960895 0 0 0
0.78472295277910953 16.436646306168029 -59.111884961708974 3.940852747602591 0 0 0
0.611063326149345 21.096533642349584 3.35798716197408 48.032273467771688 0 0 0
1.4460507039685735 9.9212538119154914 37.955768669804371 -71.211616975789084 0 0 0
1.3930394989218227 -65.577878333768837 85.104440808090544 -86.333178544816406 0 0 0
1.1455621264050566 39.159495527486627 -8.3955577295718484 -81.580950197593836 0 0 0
1.3300685217773442 28.326382686728721 40.758461738708917 -25.348037203540315 0 0 0
1.3454899581559794 -9.8627056611689596 34.411208317923808 16.711393259931697 0 0 0
1.2886343354986423 -50.095126299602157 -99.596297666539058 -65.183666168428232 0 0 0
0.67559906756973376 -10.183050106004544 22.451629683134541 -57.382998105849317 0 0 0
1.9085856406262152 -98.663573484728403 54.460203237954175 25.040953028369046 0 0 0
1.0603322043436836 -89.902211135248095 25.497314352921748 -22.877297735987469 0 0 0
1.9044007085902592 8.3980146913370675 87.930301690951666 -55.90326143626212 0 0 0
1.5885888590939699 23.449804533263745 47.881646416547738 -57.066428397201904 0 0 0
1.497491775305362 -0.39192097718392915 48.564995546281324 -34.59107049584469 0 0 0
1.8350855365020546 -83.139737474341672 61.437864271670065 72.263925449644262 0 0 0
1.7258784633334883 2.5452790052817846 -12.323002762931964 99.252457265232408 0 0 0
0.84375792960268003 9.3751927191993047 34.135105118047818 40.173526911159144 0 0 0
0.80603700202682038 30.798818454676848 63.673912929337007 -89.996285043774634 0 0 0
1.8672819467280257 -94.099187896878206 -28.805793810245746 -96.837360541596709 0 0 0
0.61571775362971459 82.233657000938422 -29.027834066072188 -15.045694193852114 0 0 0
0.82301657567711084 19.419153062940197 18.960643544461192 -25.559921698591253 0 0 0
0.99955230635293668 76.992861267109021 -23.343151863427352 -1.2998027809437502 0 0 0
0.92495714835800824 57.353901469346766 -20.51036943680225 2.7222084634370987 0 0 0
0.88003575478548235 97.531918936312081 -41.700851567022077 54.148506236656488 0 0 0
1.1412434709623152 -58.756518507340616 59.943752483671943 -33.278642290349495 0 0 0
1.7977900265025162 83.051435666552209 71.964766313105173 -92.99841738927816 0 0 0
1.6810600217853393 -17.732107571589509 74.744584859826006 27.590852708014822 0 0 0
1.7504646984297296 -0.11364634020247877 7.0051007644527346 -71.122474472535671 0 0 0
1.6759810425351422 -16.122078100964131 0.016024654020711182 57.019543614815149 0 0 0
1.3982681087604443 -59.780254400246157 18.046532073106889 -18.473428184975347 0 0 0
1.2042883110894507 -94.337745407079552 -57.994128953334382 -43.792384857992026 0 0 0
1.5694400081752475 -97.701506064754398 -18.24454699386034 84.805374092433453 0 0 0
0.66782093007099774 3.2848788500047448 57.304476949874868 88.506261780189647 0 0 0
1.620164955616074 44.11310864992862 65.297617708059278 -10.759755098953178 0 0 0
1.7087667967811337 -98.40711949909165 84.912211229550053 -11.338697641624279 0 0 0
1.3300702791364185 -49.023549606299312 48.506167361367773 -84.672838758966464 0 0 0
1.8089537033212448 65.623365938164881 -56.787977493005066 61.86487930425389 0 0 0
1.6795365976703405 26.443319643230296 -25.295964611953821 -45.70024937830707 0 0 0
0.84767538120776442 -36.278206814251867 80.711689409919472 -84.471845375712462 0 0 0
1.7433069131407086 -30.221984977688052 4.3198783040914179 58.897125947234059 0 0 0
1.8265648190899313 -31.043716713883526 -7.6313041216338036 -17.096786305850571 0 0 0
0.51987655406324562 -40.811422066271916 -8.1621535979041226 -17.781277435196301 0 0 0
1.5828938444072567 -23.039275980836265 -2.1247096718476115 -14.078281255552952 0 0 0
1.6109392310604282 72.594479657802367 6.3778149298736651 57.886438618060254 0 0 0
0.94518003153437746 8.273922892350825 -30.95400794020135 -17.159813781309452 0 0 0
1.5986207981474283 76.332496986298594 -75.70092113495167 26.927851808921972 0 0 0
1.3732157152048354 -76.316992881597884 -57.621134374326815 -37.799500925105399 0 0 0
0.75039660776220929 -51.254103423201848 -46.479839161455963 -32.865232730554254 0 0 0
1.624085678679247 14.382440967478914 97.249334054826789 -17.052834827598261 0 0 0
1.630797606106769 74.293683489269768 35.795697688167223 -17.62705260438706 0 0 0
1.6303919475882358 -59.266571878842363 -34.489567507984447 9.3370503006483574 0 0 0
1.3631140741765941 -95.571704365712634 89.0228382559728 39.325454044872629 0 0 0
1.2435556312344169 86.625447688494063 -12.18088686758621 96.087114100476811 0 0 0
1.2684271393898201 -77.14284601592216 52.960194339596654 35.779544845953325 0 0 0
1.6594800850857223 90.288405423416066 55.297860522720555 22.267320613289442 0 0 0
1.7859633565389403 34.649288378145826 -18.376189355074658 77.123953241886511 0 0 0
0.83285068719243616 42.928255800559725 76.312691683567721 46.263303840997565 0 0 0
1.5459131256409839 50.527658664419164 -6.9889502210487677 74.834136190888842 0 0 0
0.80515471037127762 -74.522716762260785 -42.898244162386824 6.3154789987745801 0 0 0
1.2658427010003805 64.119751108039281 -19.08626962197134 -3.1311147435307589 0 0 0
0.52005152769839968 -18.052152680433366 29.554846528350652 -96.898334389387742 0 0 0
0.92132295664694652 -58.408728185879404 -91.6029151963548 -4.1479823236656159 0 0 0
0.77258493881302592 48.616306834936182 69.585577350485408 9.1170364556165708 0 0 0
1.9725610187678777 -9.9042854702982339 2.6736414234837866 97.84355116094531 0 0 0
0.84732264959025394 88.509188452604349 -91.432489009617854 -10.722622167264944 0 0 0
0.60500526505759145 45.846948649292841 21.681787416922546 41.32685317046537 0 0 0
1.061720595940566 -26.103612991783848 -90.93614468710787 -30.01101172264994 0 0 0
1.8939326143737762 -24.154691537452692 66.27354031510967 68.465101703148548 0 0 0
1.0598617374724673 26.397736277678675 -80.925680612935935 -79.264283563345231 0 0 0
0.57298650018000719 16.20301767561881 -14.785804936358943 9.606471358971362 0 0 0
1.2816097828729405 -29.959401592996585 35.494683673745101 51.700376883056407 0 0 0
0.52194238156324413 -58.551540101358782 42.647173051744403 -22.675964481092365 0 0 0
1.493725927722366 -30.60746797383878 -21.848970377333018 -68.264225416352147 0 0 0
0.88734652657582025 21.082352044000999 -13.367377752570647 54.860536458628843 0 0 0
1.7788774293925826 8.3292836592908372 51.653459557909116 -38.619097547769698 0 0 0
1.1224568250381579 42.555535338651254 -22.757601026867391 17.700986899540496 0 0 0
0.77805917441629346 19.954263243894133 72.302740868875389 73.727927982101733 0 0 0
1.586516607287749 49.150676024475104 11.585489622686083 16.933618163548942 0 0 0
0.70047587401797862 -11.228162684347538 -9.8447431427505308 91.699567328184401 0 0 0
1.1466302967617201 9.8685293119375501 6.6502806121650622 27.35234211497297 0 0 0
1.6223492409122648 -54.991623915900746 5.7448847836121928 65.183542634803416 0 0 0
1.1946720700446494 -44.308490413490645 30.941815405092939 64.753479072605415 0 0 0
0.59471043522864409 55.358096429238515 64.32958612288067 -7.6954141362558488 0 0 0
1.9749584910788753 57.341669089520451 54.732513105887222 49.567715250838035 0 0 0
0.72591215012420918 -56.553822409718009 -7.2019739061990151 -47.199129068312395 0 0 0
1.1228614584660424 77.692823106385106 64.86537820861659 26.007976921151268 0 0 0
1.7871805884778662 56.754478051646004 -14.203013837196522 -59.786970266237894 0 0 0
1.2713015647214319 47.245776575305058 -12.716081417120947 33.354381331995029 0 0 0
0.64149113621984688 49.600947268534071 62.542723130854256 41.367572386595555 0 0 0
1.9508953819984765 65.330411218801402 80.618745647319258 86.714216895710649 0 0 0
1.7020219881372236 34.851768464160386 -98.856285081337049 -6.8348484580578202 0 0 0
1.3567434580443065 -39.19394542275225 -36.379110235199732 92.231883207805481 0 0 0
1.8375662972763269 69.835800880586106 -18.797639488068498 -97.260289007510025 0 0 0
0.62033337190960691 -37.560725740420544 -96.851416433601727 -96.57004335828212 0 0 0
1.874904953792349 41.231700061994758 -38.20880186919576 -73.47108470094679 0 0 0
1.2674535810378564 -98.930767475649432 87.682747960248747 -17.036977194966099 0 0 0
1.1035024363772594 -21.881278483805417 -86.134335231923018 27.664448180733217 0 0 0
1.5995054310502241 35.225078530716416 -72.312900577327383 15.768034401779545 0 0 0
1.3542267249066646 73.682157257425217 -24.174469200513229 -25.702811687759137 0 0 0
1.4277905917290732 26.614531806096323 -6.1429558223283038 -11.388128018210125 0 0 0
1.241221504977829 72.209059710125842 -7.7666203582466551 87.986357776219961 0 0 0
1.2560056495456344 89.840139404560801 66.566380693333429 -27.5137352442934 0 0 0
1.7954621353457443 -77.987343474611521 85.00943532873373 26.328702791005227 0 0 0
0.58158612292039658 28.851344934240188 94.849531012453895 -86.039868479192307 0 0 0
1.3320315703546937 49.558869011523512 62.051716755886588 -17.234507175194935 0 0 0
0.80624983337918155 -91.531543913058044 15.945231237223936 -9.4177864180989275 0 0 0
1.923116595660348 -87.879017686018329 37.079068320763525 -95.006756448228728 0 0 0
0.75715126654006215 -9.2842005798760994 -9.0255122707153248 37.140108076986451 0 0 0
1.8653195483939211 27.806432337310866 90.707020158343767 76.323128324089907 0 0 0
1.3767496872997229 66.758390542706792 28.515520751337164 -84.28843366348616 0 0 0
1.6108470819598963 -81.018311735576006 18.816556518661073 40.528042011521279 0 0 0
0.59979141737511743 -53.841068156839569 83.134446297053501 23.262898046842167 0 0 0
0.869429026339543 38.135953894020759 19.355284173928439 0.31513940595237955 0 0 0
1.9642804619610532 36.690756300748035 -24.911777945391194 60.014687047220121 0 0 0
1.8268749413382679 -74.955889172729087 -59.889403591061111 -56.754599323960676 0 0 0
1.5368177130227092 20.607910986180912 23.798313409713217 88.154659348773293 0 0 0
1.663867305794517 -74.412614988982952 -30.498582341928085 -12.921271283784108 0 0 0
1.0939423781733528 33.861721345082572 78.378619712430407 -38.789706074727462 0 0 0
1.3278157048923092 57.881884341388826 -16.756388262331726 -66.376373487953416 0 0 0
1.2124264518134409 -88.955495438114411 88.476691733513121 -85.035757762334399 0 0 0
1.1576850761778739 5.9762516593223154 97.060765557600035 -66.795635560560385 0 0 0
0.67164727578676353 -98.2587704695882 -68.88571277827171 -58.545404169787965 0 0 0
1.4458714199693363 -56.058640950388117 -95.895836165523804 65.323669143471818 0 0 0
1.0483935570541525 -29.260663531938576 -39.504193669464705 95.074655258216183 0 0 0
0.75517312572704642 79.647612749087813 55.360666715862322 -84.704009939793252 0 0 0
1.9800936588544837 -45.726806337250146 -80.283414335793964 65.862847794058638 0 0 0
1.5600132978180492 23.443760609412962 -68.803826076732719 -4.3007761641802063 0 0 0
1.6708340380273405 -39.275211118836481 -37.662034149091753 -99.371818656846955 0 0 0
0.76136510654130496 75.08112594894294 -11.650702353461071 96.846900808605568 0 0 0
1.0935619394201077 43.037291933893272 -43.616191108851751 -27.238072388870307 0 0 0
0.78608898077803835 -30.587526004528343 9.4475039082713153 98.354575581253158 0 0 0
1.496302565831126 -60.150809126803509 -91.007711816864301 -74.728703939447982 0 0 0
1.343832795335949 53.032065927491089 88.083841274004385 -96.835364710005592 0 0 0
1.2841402139264972 -5.826529278913867 31.211004068220092 11.915770708237261 0 0 0
1.5305587184207448 31.616517707623103 -76.597655175188379 59.943582856086778 0 0 0
0.68484886528696098 39.706124660011056 -16.770926376153255 2.7701482066161418 0 0 0
1.8549470218571376 77.976744444874072 63.571261658866177 2.0296754862876583 0 0 0
1.6043597131156342 2.5794116584264799 73.921216162369802 -19.444832687976515 0 0 0
1.9553530199557403 86.4645514428924 48.320523480520279 -44.116822133694434 0 0 0
0.69748038733653617 70.94069084016968 -66.939542247668356 70.85215757967174 0 0 0
1.2361475088000446 -18.688643482381579 80.638156078090475 20.770196583387786 0 0 0
1.364921001924827 11.753189143255653 -25.766095632162859 57.128620387194729 0 0 0
0.87919766806574129 87.778991917042646 78.797042340384365 -32.503935178415048 0 0 0
1.5941956545773841 14.64463904710118 -32.470139637779155 97.704329489503209 0 0 0
0.53785602702040847 -49.470792793645323 4.0148118612453061 4.3906012491356421 0 0 0
1.3833996200409029 50.335234555567041 24.695565365285304 20.056291384187944 0 0 0
0.5802716932233638 -24.693942646154724 -53.588851506343779 -46.925978215781569 0 0 0
1.3315062077454023 -60.098936578667747 -41.210179445623588 -52.583059319940837 0 0 0
1.9227544237815564 88.933147026228681 21.988311749485362 84.904494611897547 0 0 0
1.6787189630226278 17.989576463980342 -98.712958187420426 54.503257361534025 0 0 0
1.5537325207006334 23.050730962049798 52.084862696345226 2.5844334824935089 0 0 0
1.5561249061476825 87.034416804069537 -24.838996596194391 41.624366370861679 0 0 0
1.2135317313348244 34.879930791012384 52.578668158057326 -90.909499712081242 0 0 0
1.4699006659236311 -54.651763173258828 34.006506885175071 -6.3339626458191418 0 0 0
1.660329111214909 -75.319836079083586 25.264471725106375 -44.305853683738427 0 0 0
1.7794729966732534 85.676700269718594 99.279659187383032 59.201480967955661 0 0 0
1.6306011041247885 -56.899847860958488 -32.798586821300972 -6.8634922127418889 0 0 0
1.6600715748702404 82.993173231910589 -62.172180059909842 84.473497899298081 0 0 0
1.5434369781893316 22.154145426105316 -60.031745871461659 -88.894993700455245 0 0 0
1.3526973487171703 30.303136917086618 -57.843710446135539 11.291241330883153 0 0 0
1.7847401050422549 67.013188058779662 85.471036654391554 -26.822837191292905 0 0 0
0.97707436038163675 49.88520052373201 -13.777518885822104 -82.49026799924971 0 0 0
0.92420169924452578 -16.28354255881041 -41.496713862517673 -33.55888631054647 0 0 0
0.94066385248262396 -91.700167596905118 27.418940092120565 19.458484382624562 0 0 0
1.4800752420949739 -61.538020163844344 -40.869091669211642 23.923184249927715 0 0 0
1.3994413445286318 1.2660616955186867 -29.917349399110904 82.586201293275906 0 0 0
1.0096553538279665 -8.8761681242212518 35.622766288476271 8.6042858993657916 0 0 0
1.020328958881872 -12.871042097793449 58.896163990260533 -44.374168137466562 0 0 0
0.71338286344193802 -37.367359219168335 69.906843986492504 -82.202057109165537 0 0 0
1.987544106090227 8.2005784304147511 96.969149072444282 87.799284941783782 0 0 0
1.1792205670053986 -60.30178489495858 -67.023043611002691 -52.002126812359293 0 0 0
1.5651989622842954 -45.409999853222956 -31.714946490224818 -10.244239262860432 0 0 0
1.8698490256606768 -62.121316674094743 -98.994689097317931 -87.980717910874617 0 0 0
1.8571495071502566 29.503292765057523 -45.391876634495887 -64.561500280262379 0 0 0
0.94140010416892816 -77.040615546637781 88.306583220001698 56.841235610451804 0 0 0
1.1935867636954218 72.992520416735061 -50.108359210960401 43.42411376588035 0 0 0
1.7841987464585363 -28.646258177022133 51.492888289297127 -40.985530432817754 0 0 0
0.94828570051370586 -78.588563963256036 -11.988389991613417 45.942381079802743 0 0 0
1.9103312052965511 20.759398692385659 72.627107213714964 64.498930602844297 0 0 0
0.76001457827627572 -2.8365136713289729 -76.615292414489431 36.430632895228712 0 0 0
1.9248495079202645 -72.582108653153199 46.776626193713469 26.447631066378392 0 0 0
1.3754075622993074 -21.975952707390149 -28.973671535649544 -90.950162201076139 0 0 0
0.82686305814793715 -96.964623465528703 16.283420969669777 -78.82935307307379 0 0 0
1.8095290856974833 4.6286035127288301 39.937981947186898 -17.828581859432788 0 0 0
1.3408697131321017 88.531836277190337 -83.453192980456578 -49.212446304664439 0 0 0
1.6699825003048105 -80.252558314034047 -84.867778952379837 -27.691720218212268 0 0 0
0.6382519358717984 17.015688399810742 -54.744949740604689 79.139592967332987 0 0 0
1.6752501135674005 39.941041531919808 23.388805335035713 72.693145771451185 0 0 0
0.83459309518766545 74.621768579970336 57.89845940529014 49.632165188341133 0 0 0
1.3418835175560173 -50.751167678352644 -15.290416971839022 58.714131917039282 0 0 0
0.54766771788464541 56.410154419472605 -51.985851329228197 -71.138159867957285 0 0 0
0.67355198717571896 -94.549997520969939 4.7172963941475103 -56.34802479958492 0 0 0
1.9841476432838903 14.88735082624342 -72.422945860174565 37.752508073003582 0 0 0
1.8466153438293404 49.035898541265738 -84.712027487312625 79.176835831131342 0 0 0
1.6908940800992374 -68.339219812184581 -89.642821959885097 11.462115744509703 0 0 0
0.73405372032746419 66.918190060401713 -28.33306866387403 82.578488275508022 0 0 0
1.3485322567311495 -63.465523104125694 -72.080227388954199 15.29448697382611 0 0 0
1.6428254235618365 56.30112944099173 -44.848518145311431 -59.150648522037741 0 0 0
0.52513446516795836 35.839829040628103 -84.686348124698299 -15.847759382619216 0 0 0
1.4025232461973463 87.421788928688471 -37.639572030138403 -50.045567499112892 0 0 0
1.4812402332298988 23.847805785779357 -33.578043991180564 85.620367180657979 0 0 0
1.767293495259278 -55.203491166771833 -52.171490554806446 2.4600691216233344 0 0 0
1.6603581527991205 -91.191924412805491 38.667030756444547 29.647179044634242 0 0 0
0.84722014447487881 36.270602166217913 88.036638191119209 -90.642831668553683 0 0 0
0.97947808441752726 -12.364655890882432 79.852071701244341 92.452289967580526 0 0 0
1.1661728665136759 50.005681968987801 6.3322039979124725 7.556587442561181 0 0 0
0.91714927344285879 -56.608750761015891 -42.398929717239952 11.265601552174374 0 0 0
0.54373277508076723 81.449789545838826 -68.743258573025685 -55.982263692692719 0 0 0
1.2774142657295582 42.022952524913961 -80.854189276833068 -36.461060902505146 0 0 0
1.953011905251453 -47.531406640471594 -37.389970991848131 67.29969685992441 0 0 0
0.57532163949899207 -7.0773670480445077 -24.076647734436179 -36.682647623335271 0 0 0
0.92854939201956865 -81.725178779884686 -37.034834653493121 -91.389519649963177 0 0 0
1.6714457978997745 -20.354441999063923 -11.219234683946866 78.718918460629482 0 0 0
1.4870824742176696 -98.388178747476559 88.634964429787203 -52.571106103962947 0 0 0
0.66142127689601682 53.625635634131754 0.095463074513730817 -13.245887623579748 0 0 0
0.87425461929904258 9.494298393094013 -45.123079022667575 80.316600636973448 0 0 0
0.82280671791163351 76.871031118799522 11.881086138974382 65.69762720130376 0 0 0
1.5692689863521534 39.339022337382431 -35.130837607861167 -53.220614027457529 0 0 0
0.81632934419730596 71.438331871563861 64.085363953890891 -11.885295677677263 0 0 0
0.69860691610261205 -23.549549775188211 23.868691492048001 -9.1193700085427309 0 0 0
1.6702839059255781 99.52456392467812 -61.7735827526297 -8.0698364572829462 0 0 0
1.1464758577132756 -39.10149363240285 -60.380896509693486 -86.861577202510873 0 0 0
1.8306789833433299 -16.030260723890919 -0.6208962152145574 83.388410068417841 0 0 0
1.6644357230108673 -73.899747377251018 13.083993977445019 -11.549545153130552 0 0 0
1.6958166022402992 44.846509857939765 38.081144405721091 -31.89103168467507 0 0 0
1.7074456059258356 -89.521740748705696 -68.075020487340225 -32.875344920789388 0 0 0
0.61521116219100747 -53.00114405183993 66.030196287841903 89.650307122382657 0 0 0
0.95690353458329014 -47.096838795791406 -44.021469483549005 -44.456183823365272 0 0 0
0.5538952772947251 85.383270001952866 -57.260370531556084 -15.999185338644693 0 0 0
0.5145303262073837 71.59101825174389 46.231469233923235 89.351207743550304 0 0 0
1.6724232183808818 -37.258697543881283 -50.42532764810916 39.543261054915291 0 0 0
1.0461691677064002 13.243001857664652 -98.748505582390337 -87.622858884548833 0 0 0
1.303051913020401 13.21432957004005 50.290587883046442 -73.606935194495918 0 0 0
1.2697746273041897 -61.110469766432949 -81.360775462790713 -17.900841849571037 0 0 0
0.74500496691291807 -55.643603261297159 -36.489083607479998 -48.122320919014562 0 0 0
0.6313869384410693 -82.016749962680109 -61.350117479667027 -89.888161912092073 0 0 0
1.4396855247919871 -42.53465659587232 -44.050805732443699 -33.600341658521174 0 0 0
1.4941944130996014 74.12677644990822 51.817387179123955 45.505846871161225 0 0 0
1.2265867789978167 38.761111274108856 10.552474275694252 -56.749894648726681 0 0 0
0.81288254979485508 -40.721599533900978 82.160535024486535 9.4829691645642527 0 0 0
1.60085807093975 -30.688247165262027 -18.456846412221211 -74.88688382280732 0 0 0
0.7569424422736154 65.47131189409086 16.967727105816493 -32.493507005650997 0 0 0
1.7042768119242382 -50.696019353650726 95.206540340627754 -31.036479619339659 0 0 0
1.0059664281618617 -37.61761864201678 -75.577696771487254 -77.772570297587947 0 0 0
1.4721575510029112 75.023608805636485 58.104101506638528 -71.778481275492126 0 0 0
1.3183731845369653 -78.881690566225416 -90.941071305564037 31.277171809054749 0 0 0
1.302728500242095 -83.595262963302687 -93.012150951136334 97.951283085655604 0 0 0
0.54503199134996261 -11.094349203976719 0.923804852934623 -76.543971710446243 0 0 0
0.75359266227249055 -29.638998266597369 52.335174505571956 1.4164844796902969 0 0 0
1.4568528193745651 97.034911731697605 53.601087605007052 -13.127699744916058 0 0 0
1.1696628812041101 23.754414982511037 33.073041929410977 0.14218536970354023 0 0 0
1.467291837505964 -95.293502220812798 -14.075426806954994 -44.212384908968225 0 0 0
0.69376166542873485 -80.090697642593142 20.638433414488873 4.7201088637206965 0 0 0
0.88037617917348876 -5.8099888246441793 -1.553537934556914 -60.998202860729641 0 0 0
1.4781395954641283 56.183871077854121 58.292708115901945 20.493965281780177 0 0 0
1.2674578739791977 -87.798570743629583 -42.433741217201806 -81.345710811244714 0 0 0
1.9457347355808035 -72.983971105567775 -69.644918929583895 77.915324022829708 0 0 0
1.9158924260156607 53.165807603073773 -98.919016044468975 -99.730745443359055 0 0 0
1.0671511583830215 -71.320925872962803 -96.322770427512879 -7.1866627211555709 0 0 0
1.9145928468877755 -35.236085940462871 32.228135672646118 30.447071313256316 0 0 0
0.8766201597936617 30.085050550286809 -57.533205480735113 -75.598517404589941 0 0 0
1.5520749340705038 -77.311836460372575 99.381843941945192 -63.309519023573088 0 0 0
1.3912127923028992 -17.725085656677393 -74.72271582428499 -94.431217319083544 0 0 0
1.4340984256753053 61.35151349388056 68.403132970379289 -3.4573060447418982 0 0 0
1.6661831965779568 34.569426738955002 44.850905404805445 -1.4801984105889119 0 0 0
1.4501176033969729 61.105182425297073 -20.423164872205689 61.195779501014243 0 0 0
1.3880252594443914 -66.819795054528811 -95.063168994899854 -27.44927906895623 0 0 0
1.320044496004491 67.964069735718738 -74.502863381015516 60.041268232323176 0 0 0
1.7945135736083384 -69.862501816517181 70.31886303533247 98.290713723502989 0 0 0
1.5902582481363858 56.953936746598686 98.883053506623611 21.096250037674992 0 0 0
0.96182957656874479 67.506166392767852 22.897155009193028 16.239084580257753 0 0 0
0.88045334104535544 51.266854070178795 -83.666544441508393 84.857413369132729 0 0 0
0.98873519128951048 -74.445069458628467 -11.526693096688888 -91.506018628541227 0 0 0
1.5269392918779436 80.54110185818422 67.45260165375916 -74.526104491363355 0 0 0
0.68940670881748578 62.68689698235022 84.850854431019116 -7.8660343852118331 0 0 0
1.2484566722711539 -36.347591660461006 78.853024267751437 28.980581015442823 0 0 0
0.93237736811707939 -40.243425323636231 78.240015083840973 -97.273195348678584 0 0 0
0.9840898560518877 10.871337137957852 -70.356506982143912 -81.580248614172575 0 0 0
1.7229144981388118 78.880876901147445 64.721284245961897 79.757577393471479 0 0 0
1.3296679655955388 62.451624781128771 -23.191471465450121 33.253571455365943 0 0 0
1.9832532943484147 -54.85445436142728 -22.020050546140453 -3.9905250028257626 0 0 0
0.70702323340167705 -83.792276722535263 65.944572080713556 95.358874927616512 0 0 0
1.1070875934479187 -82.470033060206475 -86.837648606224988 78.263641334863792 0 0 0
1.1957213664134201 -35.994535739884071 -4.7077452611671333 -36.339181647368527 0 0 0
1.2335536559354643 71.91127928311505 18.460274100405712 38.930755076708238 0 0 0
1.047006007330449 47.701176797617052 33.323416306093605 -76.087600943702626 0 0 0
1.3589642787212817 -48.651300943428112 60.819132940539731 -14.812458172773034 0 0 0
1.9920262460945963 -81.49991209012228 56.069572764410282 34.740347237635405 0 0 0
1.6512482510969355 -38.49404029154492 -1.5891023705232072 59.301703265733352 0 0 0
0.84881199902737026 -54.793360494252028 10.210189555098765 4.7127169539909772 0 0 0
0.92339370659600639 -40.384869720857075 -44.430967579336667 54.302412669238379 0 0 0
1.4778513057690692 66.483437226015468 95.094605633312995 -5.1671408775454495 0 0 0
0.60004082736943787 -90.381538391404746 -40.866992918878132 86.508918312381354 0 0 0
1.2848195772530437 -45.642696949740412 -20.166641208840986 19.719021918825419 0 0 0
1.4794244860442487 -69.216098095586617 95.406334237099401 8.9544448913039929 0 0 0
0.70353247536688468 78.727050811528301 -85.072314442842156 81.547086250081918 0 0 0
1.9948484835213218 40.086359306701269 54.089443651108922 -32.539432702750688 0 0 0
1.9123652753275662 5.9427934191813421 46.477689781269703 84.821543810692276 0 0 0
1.9627699596074695 66.640871612659055 -39.396498086764133 93.309503203786562 0 0 0
1.4421792937241249 86.12849560547329 35.221004800696562 -38.552207059497775 0 0 0
1.0550367853414313 10.094355462804899 58.002968702971913 -36.403489805737166 0 0 0
1.3695967420648818 -30.875000685019344 63.153881969761073 -6.6543804452737447 0 0 0
0.61508423474360208 -66.789495316057867 -87.779067356049879 -0.1394109959666423 0 0 0
0.65950594202071056 -77.172006040264876 88.209652311854484 74.531014841082708 0 0 0
1.1781298899261092 97.161064710620479 -99.96269469080373 22.795891500416872 0 0 0
1.4246422683330102 -8.5113887934929977 -20.610404310364586 -8.9233726700094422 0 0 0
1.1224406522746628 46.098494852916531 -72.928913652488717 -60.472155317917192 0 0 0
0.77077734044919455 -47.505882732690488 5.0516836159772538 -77.758250311867499 0 0 0
1.8022539484319724 -40.527693911544773 -67.492402571867032 35.124262952792549 0 0 0
0.55712944379634954 23.993712837545459 39.639687035643988 -57.016694403320308 0 0 0
0.56294610580162829 -27.270928696020064 -80.281153466929069 -76.704430227308464 0 0 0
0.88139184634625478 -40.906415702634867 5.9940689960624525 35.678376726772655 0 0 0
1.3891564121816251 -70.327931972778472 -65.582792675294328 75.753851062447097 0 0 0
1.3375284716522331 73.987567152429619 -25.690697206520881 22.880001580141467 0 0 0
1.2854951157050494 -36.175302512032516 -6.0169257337630881 0.49817453076244078 0 0 0
0.80115647165632287 -36.997925253576284 58.28194923125389 83.157647197604803 0 0 0
1.0396911328991361 -38.605542770425338 -60.960567077758292 35.698234892491257 0 0 0
0.98464955323993197 97.549907577928792 -34.863038641822513 -21.172791478356643 0 0 0
1.4050012979617108 60.336859107030818 -6.096266843126017 -15.468793291771632 0 0 0
1.9934567502632197 -97.901271379741971 79.013057503488426 -70.171835577055901 0 0 0
1.6788879078148196 23.586313331058847 -31.63054408402806 74.774991999497672 0 0 0
0.51936083674179345 -54.661868660972139 13.37855953165959 -29.691547708018689 0 0 0
1.4155662362835797 -95.177961576545769 -76.708213454999409 -74.580752055413768 0 0 0
0.78392546109370698 -8.1337115772812041 50.4257398370288 81.107768100515614 0 0 0
1.7530587988821478 -60.622425468249119 -11.769890281349078 -60.117680075283126 0 0 0
0.89670772230764872 0.70939517361590276 -86.378194773579793 -56.365135239684626 0 0 0
1.9030672456694067 -6.7767421886576926 -10.922694635372352 -97.086568707667155 0 0 0
0.87109961910667166 73.258487831705509 -67.07431494532554 -16.975010949881309 0 0 0
0.52149635817174134 -4.3329037434584023 -95.795777739416451 63.921911510864192 0 0 0
1.7372806458942081 57.548436736891006 -43.3271860348204 67.447444541538204 0 0 0
1.3144972006185351 -25.238377150775776 25.065991565590068 -97.53178980006679 0 0 0
0.71444131509518494 48.458707760295795 -51.167677519736159 19.60182350066988 0 0 0
1.0776539036484261 70.961155248703136 90.483061806843949 76.712945219282744 0 0 0
0.90592998524060853 -61.167425204108163 -5.1130213707067753 -98.533169063474205 0 0 0
0.53871408921970565 10.658127398749599 4.0898807148386709 98.916396618169671 0 0 0
0.8027627499115304 -48.379214966768693 -77.291870631287296 83.508602066370401 0 0 0
1.6667168683249065 64.467822063903611 80.552757772862776 4.9799971534530698 0 0 0
1.1767897907338007 -33.921706255265278 17.842922357189053 -9.1443207188432325 0 0 0
1.177348384737251 87.385573288294836 96.806303792162197 59.296878945405808 0 0 0
1.6351371341582681 36.111632618986164 -66.785029915820459 -88.178836258214915 0 0 0
1.5360894671138976 45.757243255354183 -90.605400831020404 85.610350833393483 0 0 0
0.63671095659332566 -42.819892077020747 34.47796376779479 -66.025480720950867 0 0 0
0.58312383515426225 -33.770701678385052 53.194315704088154 -17.264264426676363 0 0 0
1.4794593935653484 15.923820204287992 -95.556303703441671 97.707998388310983 0 0 0
0.56214212780996142 93.560547845285413 9.9728348478376603 92.631806048036367 0 0 0
0.6721303969326069 -1.9182959388407284 -66.099181573981241 -89.805023973017668 0 0 0
1.4262936696802611 -58.443315988522301 17.539403293167524 -77.52710373388004 0 0 0
0.99797970189541452 56.32651205744753 -12.589695487509715 25.549083123011556 0 0 0
1.4711869101796549 68.751008193121578 -35.015441151684399 37.459112389044407 0 0 0
1.9424237061318617 46.048667134280436 -2.0259041700206097 26.143488306521093 0 0 0
1.6095243393477308 22.455153892665194 -96.664837413425929 -61.045300085136759 0 0 0
1.7157023216135077 -45.469869872048953 46.312424327247356 -25.575958165416495 0 0 0
1.2828264929700917 -86.405340404987072 -63.754886488131099 91.439391861651899 0 0 0
1.835207079546078 30.455022963694631 -8.0710809949869997 35.152258237292443 0 0 0
1.4279154381025836 13.7104509174643 -88.164584804488058 26.560522389375478 0 0 0
1.6533800633654891 98.816331308148847 -97.78428938551761 46.034690279454765 0 0 0
1.3576839717393532 -13.189564930293642 -74.485965589664787 -18.182970164737995 0 0 0
1.031565772325842 -39.43402234672385 46.175924999137351 40.145104121593874 0 0 0
1.3835301434452609 87.732962349327806 -30.029123202255903 -51.239612019826033 0 0 0
1.4838549714168039 -60.237188335892746 -36.997898176616438 -55.079511759323672 0 0 0
0.60373035138825903 65.499748976075637 -49.091891105044674 -5.394500198083378 0 0 0
0.56497290909064912 39.867894098343925 -33.887799351422004 48.947345684047463 0 0 0
1.1186045903831456 -60.848878845747393 2.6350159074657284 -73.899088212749547 0 0 0
1.1608087440794954 -36.538904014360995 82.391917205477739 -87.814255272080217 0 0 0
1.5410261250564243 -63.449767161453707 -36.1909839656118 -16.897187754210819 0 0 0
1.8620226345361115 -51.48434656273453 -81.738239259710156 -36.262079606580258 0 0 0
0.65701394583500028 -74.28070293080647 14.77011983163699 -87.819613494367829 0 0 0
0.54639632141616501 42.882820946429007 -27.670580728420447 -74.924929840147229 0 0 0
0.88041914715014058 28.417301219728529 -44.892685478725738 -1.0957755137903433 0 0 0
0.6825429640692886 17.61872626734511 -36.784463380898423 25.393687030158247 0 0 0
1.712592326620417 22.329283898215422 -40.850487828726877 -48.851260127823736 0 0 0
0.99113143942276594 -67.07589774482021 -63.765629414990656 58.13822034740096 0 0 0
1.0770988673601032 -12.80096358124095 18.809892821830402 17.93069935347846 0 0 0
0.6010653023002086 66.308157547163802 -64.534689016566858 44.614328354959753 0 0 0
1.6590064796055071 42.979907641097782 15.795529690291474 -97.078200090523609 0 0 0
1.0405632393901398 20.967887286649372 -22.509741642798204 72.695978342060869 0 0 0
0.96320340852330322 -41.293041696834578 -46.800460622983387 -33.443825784132912 0 0 0
1.3361074450031565 41.403058398802358 32.513582914067371 61.543563686525005 0 0 0
1.8288709907779799 63.215808415741975 -96.210920627613532 47.183590242497132 0 0 0
0.81259936724794946 -73.414392383432897 27.697757020581165 -36.051359863522428 0 0 0
0.58567574593392702 -72.474052109877306 -99.814116477212337 80.644725459658133 0 0 0
0.53692696935198925 -58.108846663538749 -16.747444286008445 -28.685734948381167 0 0 0
1.8675888164105359 -91.942211577760034 2.4429413843902523 36.095892885355198 0 0 0
1.8975469677513521 24.074249258716122 60.751047729354411 -83.255012862123436 0 0 0
1.078909273120066 -25.210573091014027 77.257642372599378 -69.725765345345309 0 0 0
0.72782925843202584 -34.288369679560944 -89.106789678635295 -63.508392305545634 0 0 0
1.9478144582844255 -14.363211685358095 26.40384266036844 45.222252151315018 0 0 0
1.0504421078964798 -70.554585647201648 -58.68379723152767 -37.346704879532631 0 0 0
1.4541026295902726 -20.343889797468449 -98.637059544896459 4.6814380804617741 0 0 0
1.8822700893035968 62.415522326873031 65.042274115106693 59.011603070899469 0 0 0
0.98559623249501882 53.038765624956937 -71.367728065414155 31.543228876907989 0 0 0
1.4623528471995233 -94.886039319602943 57.594027386011589 80.649620995970054 0 0 0
0.90112292399379901 62.478145310143645 -83.518805296693941 19.993571160218806 0 0 0
1.2284702947859745 9.184706996916276 85.241039670187348 74.26304849138009 0 0 0
1.6776254807565936 -45.260308507613324 82.363724948218788 -80.49846209165068 0 0 0
1.779993819286473 -34.367984641225064 -89.245537373627684 33.871396514614077 0 0 0
0.84691989048584071 -51.285773585058266 -38.790565863253882 -87.263046423342814 0 0 0
0.76569071044297754 -98.972073343516414 -10.918096353425639 -83.148924263548722 0 0 0
1.523978907613371 -52.875430571738924 88.714828842870219 74.250324946453162 0 0 0
0.93416134452415278 56.643090644521635 60.648981056106578 97.312622337214947 0 0 0
1.3967599820014001 -83.606853720639933 29.367446418745601 24.995948479152958 0 0 0
1.4575258652469061 -38.570869892423111 71.935916228854779 91.894435915977937 0 0 0
0.82656876538256496 -82.369568625041381 -61.092992574749651 64.110427823303212 0 0 0
1.514966949530566 27.209468211462237 -19.641372645776912 15.565593760478507 0 0 0
0.9618111904167268 -4.5599840300012033 58.612605159212762 96.248318992029368 0 0 0
1.8987333784448783 86.773189097148759 -19.555254182526781 -6.2420242541072071 0 0 0
1.5584530922366584 84.438386405679609 -71.601148025925141 -39.151627017218637 0 0 0
0.70887027252187429 22.40170618112154 -38.739800946424808 -34.778428734914385 0 0 0
0.60637393339322765 -30.040787395023898 72.499301362743722 -53.385436971142141 0 0 0
1.5427812015185689 25.925668945945418 72.696921832024032 -73.542411564929765 0 0 0
1.9663849388396502 16.525730322726147 99.094831903430361 82.302945247418961 0 0 0
0.83227590164551191 -88.767598477388788 -48.872181104070691 5.512729909140262 0 0 0
0.75739455467931405 -66.508050937180229 -7.4812915902275279 -93.346405453983948 0 0 0
0.6828321291269458 -16.827731183368812 -87.374019010999632 -20.648987824901027 0 0 0
1.2110093985393082 -9.7466779838612325 73.834971741919674 6.0124917698729092 0 0 0
1.2019706957793606 -17.858150767991674 63.524676383708766 79.011319773072017 0 0 0
1.7798637027690141 34.709316475724194 -72.52765100360989 -44.626005764211129 0 0 0
0.56909459489047776 86.164814408501343 32.159705763350928 49.272577339823101 0 0 0
0.96735760404124738 69.130704970831715 -48.079344423708406 -99.671247605202183 0 0 0
1.0646224495762786 14.152296076283449 -4.2590286487600792 72.415228626630039 0 0 0
0.65810792935766571 10.764687228958451 2.5958697271999682 -43.721403654484106 0 0 0
1.7333421675985303 50.569732308751668 46.571838581951511 75.238494578171725 0 0 0
1.5841768929003839 -53.631740858368204 41.112542172453175 -38.459437940309726 0 0 0
0.86326198158054357 -85.399280751644085 48.805716371854061 42.200191347921759 0 0 0
0.85174921866927233 49.875804321402853 83.568176395985773 -78.394207451756557 0 0 0
0.84895495740908489 50.052159328657694 -45.098664276773327 24.932795019771817 0 0 0
0.62174633589752859 -9.5595036725326565 47.818284497654275 37.302788088292971 0 0 0
1.7226081553412089 75.490424805734961 54.636699792996325 34.317549591233728 0 0 0
0.54758373916029601 6.9933340781389859 -92.460456329363694 61.613563028575868 0 0 0
0.98108678176646302 12.485874024540934 -44.110938638701604 56.500029249517468 0 0 0
1.8297537801106443 -20.271501643949392 72.584479388665898 -46.584998252924215 0 0 0
1.3019913897289797 71.752286345957771 -34.823731425824462 90.808453103689516 0 0 0
0.68281925163514257 -96.344986286998292 80.82707018299638 -86.270265522062601 0 0 0
1.987833792926021 90.279373028679714 -72.595817584490163 7.516926491333507 0 0 0
0.77738044622872948 -14.368965235207028 -87.714973438738397 -55.21508179179574 0 0 0
1.0449092006604404 -12.270499934588244 95.499250799226814 61.57312979480713 0 0 0
1.6061149192367297 7.408263223718663 67.999550705160971 -32.135431563788885 0 0 0
1.5633486717916887 98.756795809494804 -37.074218443684927 34.803507771361666 0 0 0
1.7664722924228826 83.161517595088185 43.586537340772253 -43.278414447097724 0 0 0
0.98942323499027851 -95.848394880512004 52.177196084960798 -91.452080002514236 0 0 0
1.7969785330891317 -76.267876962915494 -65.624698992918411 -4.6947061570618303 0 0 0
1.6068206202169977 -72.199558473208668 -11.98578504059418 -3.4297441200379808 0 0 0
0.8184284655190639 -76.888324529315327 67.284183379702398 0.49313008481615839 0 0 0
0.52157185072167855 60.596260187198624 96.158761106812904 21.18523959998133 0 0 0
1.2555625813375872 75.683172107160487 90.503357927177746 50.907382992716521 0 0 0
1.1681793982435096 18.444280287245277 40.187072832661045 -61.145285462608257 0 0 0
1.1708015483956464 65.964252292334322 30.94506961276943 -17.759187112587071 0 0 0
1.4950437995065706 -76.355517741489535 -19.70047682770317 58.625707872558706 0 0 0
0.83076317796158716 -62.807698528584254 90.163732601320902 -58.020474935230418 0 0 0
0.89137786404077757 93.92318851098571 46.941714005187464 39.91930647953879 0 0 0
1.7793895791444561 -76.835383735959525 41.191247335997389 0.73772078106175343 0 0 0
1.743725968209392 1.6283429744039921 24.048270563653546 -4.4515751590199528 0 0 0
1.217238391554647 53.593994786152223 25.713279965690745 26.652641417086869 0 0 0
1.1754237153146025 6.2218983163155599 49.143532240653741 65.1881840958944 0 0 0
1.5448421048787773 84.814598169562771 64.064817506309453 12.372758813891068 0 0 0
1.5071091086069481 85.261655116250978 23.833609062990078 64.961389878229539 0 0 0
1.533215756619978 10.387272611930214 -51.632359838945632 -14.800496393243378 0 0 0
1.9516142409516108 31.553076870622277 12.879075962114044 86.591324752326813 0 0 0
1.3797676692254419 5.216504619274275 51.862171169486913 42.533124788850444 0 0 0
0.78974001826861207 -5.7383450461067014 -5.4969105030904188 -24.355095709666671 0 0 0
1.2759402193279925 -17.378520365632895 -60.130901991253268 -17.5267012937055 0 0 0
0.60841542448336794 15.157173280140697 70.730910185542939 45.057417082401969 0 0 0
1.0405910628416386 -82.585758518390179 -59.570119884479453 9.0980689544501132 0 0 0
0.81058562633598807 8.7946221371170736 -53.680195329256378 69.784775046204516 0 0 0
1.0959072146818671 -50.889873714937814 62.465236667694882 -31.432208264820318 0 0 0
0.66723153586245365 14.081897640679713 16.312841976333047 42.939135115863479 0 0 0
0.86032915094689211 -11.245732682446146 -43.526415671944676 -83.809253128525185 0 0 0
1.8149207441140522 45.773961078164064 -39.707388581418002 19.874598687351181 0 0 0
0.80189568374579712 78.047323849614827 -77.018730493270624 -99.232572161647326 0 0 0
1.2530122977746869 16.625564905718335 15.793063426270578 -89.097614033106012 0 0 0
0.97106571171302547 -0.16021010200201147 -56.684161933835767 74.52517702369849 0 0 0
0.63066393291015599 -2.5231110901009259 38.283212176699664 -47.649780784634288 0 0 0
1.436361106448417 65.877030764001063 -61.93260538908428 83.444117026014709 0 0 0
1.3303377992390475 -40.153599736795044 -13.828345585513176 -37.561622643293504 0 0 0
1.5876667358709438 59.260132183958518 66.587479126102835 97.153649076971021 0 0 0
1.6869264295536333 20.276814230763932 -32.155940792373826 8.919088716694489 0 0 0
0.56160225805538844 48.965015534546211 -10.808891039572032 -95.995353532430556 0 0 0
0.59376041221032261 -22.506707176856878 16.684303034578932 -7.1592104272468475 0 0 0
1.4288064707153181 -3.9411476052019623 32.340768267699502 -56.17478723873527 0 0 0
0.66926478741656614 19.286791105012611 -3.0620977146592452 -94.626468757697907 0 0 0
1.0707228326294342 -78.77488423995527 6.2713654696602106 -20.844464296702057 0 0 0
1.4197278625647776 61.120443578209034 -40.06626380257773 92.420421256588554 0 0 0
1.3034517431602752 23.658160013485642 36.134475341633561 33.346306320593044 0 0 0
1.2664561192936206 -14.247141070385467 -89.243606897027078 -95.582831975106842 0 0 0
1.0369417971153569 -33.267822291592424 -22.460969506608748 -72.326359905344447 0 0 0
1.6072524046353043 71.392882762157569 87.742926819627939 -1.527539333316895 0 0 0
1.5512985427856623 71.110224713093913 -16.341777985197936 -38.117440670097089 0 0 0
1.9050868304941015 3.1353107489861856 -0.54922345707004183 -64.316780683705701 0 0 0
0.66223252417498069 68.421372181169829 22.826635363313613 -34.835082823535785 0 0 0
0.78760432337654129 11.099456226147524 16.783858223564337 -58.601280146278235 0 0 0
1.777108628140873 -83.147127735981044 -28.781383914090767 36.076882707306538 0 0 0
0.91118054587224651 65.535038822812339 47.973564461129712 57.804569076122903 0 0 0
0.67865979969571844 -71.890574570962997 -42.705252524628911 3.615434151689783 0 0 0
1.6220241139089331 67.306178450680704 40.867062171909254 85.719375771374217 0 0 0
1.6081152695697711 -38.746422974607142 -46.983743135206389 39.23848912675146 0 0 0
0.78930584920925262 -81.457037174720881 6.4445749511432098 64.328313295395446 0 0 0
0.65206976819064644 58.378264406756642 62.314401487949056 -3.5452007999424353 0 0 0
0.58596546059628596 -65.082029551240467 41.485254520841664 42.355589027504323 0 0 0
1.8475329105103833 16.537229063446588 -75.178526959957964 -75.717019479600538 0 0 0
1.5816985328316964 -63.243067004172268 -34.322899757324564 -2.557599047818897 0 0 0
0.53714731823072526 -50.236194785569367 -18.422079016930155 -44.072735610946232 0 0 0
0.70455549494402103 45.602451428739016 62.62953077431564 -48.504204312098473 0 0 0
1.6616292420725025 -22.889287346742762 1.3371585140119322 71.200215055528446 0 0 0
1.6249305257006956 61.023370422271739 -72.630966661583116 -86.056114856758981 0 0 0
1.8401070902820913 -22.433145766954638 -42.424064478726507 44.939250933373529 0 0 0
1.7546233964631563 72.497924977760448 -36.800571276118553 70.442477303385886 0 0 0
0.56140092687700038 -90.06770229842499 24.703838795088927 -87.378726632303398 0 0 0
0.9869137582666071 34.551196875302253 -32.546620584444071 -64.08004437023726 0 0 0
0.92202593873284744 -8.4849339799671526 -4.9228295458714371 56.600046969444946 0 0 0
1.6252298524166326 -8.6364394470043351 69.133470013619984 -77.152572141968648 0 0 0
0.8830300229118293 65.595292696026689 -24.401191912184146 96.236311321237423 0 0 0
1.1993799295428236 58.387125568427621 -19.538590682835263 -15.009297102096312 0 0 0
1.0743247275825698 43.815125437358972 9.5035764409765306 88.755621036416841 0 0 0
0.87633547251252231 -79.887453547566736 -21.347702833744108 23.342541746791582 0 0 0
1.7911984053611798 -30.760622183903436 30.75735054774708 -29.960262899639702 0 0 0
1.425829375854996 76.961590214940884 -53.728470747973851 -19.151671691821207 0 0 0
1.989897789701329 73.711404295930379 12.927971499509866 3.3255175158880377 0 0 0
0.92690057002501292 3.4418862639398213 69.636299148444351 37.034902797582106 0 0 0
0.93506604716728314 -59.707215731869574 -46.958291774719186 -66.048159483730871 0 0 0
0.64346103765467633 -16.172765105746606 -77.340078723792715 -65.61748900052001 0 0 0
1.3209870252453726 -67.080144881719576 -87.224045882634485 -36.522229656123365 0 0 0
0.83047863922894782 3.0610371312149027 -79.526582660189916 50.354158809163721 0 0 0
1.8593502793576033 48.687033868209824 6.5654077550249639 72.133563662738823 0 0 0
1.5423775728337512 -97.889775127185743 -21.181970523525294 70.190380231131172 0 0 0
1.0187882895962097 -92.956965131400366 49.235927946014385 60.407653859180755 0 0 0
0.74089053776339275 7.4680990017874933 -61.608913044972205 43.846883806365042 0 0 0
0.9073256843106956 -36.75697533733733 68.994171093669337 -4.7355298324583686 0 0 0
1.5046316707421186 -19.525389570724215 -40.398628885094155 25.095612476624837 0 0 0
0.73228635377624696 -25.400033325122152 -58.192592697490106 39.158992992052333 0 0 0
1.9163132670626353 99.102194143474748 -9.9446376633751044 -49.493921712573766 0 0 0
1.1642440502117242 69.453882006213746 -58.79886391530291 90.41913124408353 0 0 0
1.0127986548015153 97.160732688804217 67.721777010034089 61.714108221485077 0 0 0
0.97685701342567655 -98.244557760915185 -23.573418266799976 -39.638125904991519 0 0 0
0.55609548495334071 1.0730508755290202 -19.393738892936923 26.911293897462514 0 0 0
1.4317794835851432 -75.850672888124095 95.393107884269938 -62.613715141294776 0 0 0
1.1679110289847328 -2.3764917188633916 62.61256009697064 -80.154081696485918 0 0 0
1.1429664178069849 25.700434496419817 -56.968876424610031 25.493579017967377 0 0 0
1.8854972476018534 99.503626810824642 -93.50978535577643 -52.88235476249838 0 0 0
0.96546067812196423 -20.174779181191951 -51.54856790847969 -59.302401110401121 0 0 0
1.9318307600814699 83.704321039046476 -90.601500140373716 -32.237396961186263 0 0 0
1.1077228343265424 -52.197094197515312 25.774578973736624 28.076148425905529 0 0 0
1.7757563477624907 48.173852738954935 8.5146664617437011 30.717354650552011 0 0 0
0.91098316432659765 18.611238047303274 -2.1545486341344571 -73.331105773886136 0 0 0
0.86381641267027254 -41.661308904068086 84.86191403252684 -53.922671682273133 0 0 0
0.93386584938268502 -26.129174210396187 32.748548647762277 -76.352321340013418 0 0 0
1.9309178273193479 73.114244223450839 15.443213916537687 34.807574277945974 0 0 0
0.52499070896944366 -32.211044542593498 59.132046562840202 -84.503406127014443 0 0 0
0.92347075605104822 17.059365073718652 -48.717393423214681 86.795594543561009 0 0 0
0.69658794150165759 59.47887290554786 1.5897384862602024 50.066154374193871 0 0 0
0.96607299334568619 2.8979201997042026 71.367069636562178 -6.6243804567526041 0 0 0
1.0395797953419137 7.2310772064174671 43.472549915211488 -11.28733033014619 0 0 0
1.9083154628019157 -41.010834394250608 -4.9072788382856629 51.385530967577665 0 0 0
1.5336816406449651 72.728209993020755 99.361836251940559 -14.6283330637701 0 0 0
0.66672631739711641 -93.916823503108816 45.375380079129911 74.802734510868305 0 0 0
0.83106887848255973 -68.310392376665732 -87.558980865511643 64.540583922276738 0 0 0
0.96707290968805737 -19.660620926291898 0.55003838105484704 67.890645771725417 0 0 0
1.4762498355207003 23.012926257443752 -64.86557958681712 2.6379780438296194 0 0 0
1.5730715237899657 94.652176777834427 -59.718737962114325 -98.091328506009575 0 0 0
0.61295215372212175 -24.829507137987321 64.108929128382556 -98.57158407834234 0 0 0
1.1850958950776109 -34.153876803571805 -89.503659020216958 -9.9527421458093386 0 0 0
0.88212305637787392 -29.623033352677183 41.123062371449151 4.3101975717663379 0 0 0
0.68697113547125876 92.28290844338278 27.18215348580037 53.173686432852463 0 0 0
0.61881973037008264 -90.58832451599433 -96.110388926487161 -62.241193785591356 0 0 0
1.1216125966053412 87.165226396447849 -8.5880677016288161 -41.948979253549744 0 0 0
1.342902886372817 -77.613084949063449 21.901177976368459 13.68639161313439 0 0 0
1.6879895477670384 97.337521777280728 -49.825305702305243 1.931290253494339 0 0 0
1.8632981081798525 57.037976705186679 -2.5187390700068164 89.074329827682561 0 0 0
0.58585503508578085 86.199723834267758 -89.898521289743528 9.4609486615669312 0 0 0
1.8356614197646364 -47.455811269633855 -5.5503001370088043 -35.134223914713147 0 0 0
1.9282158809769492 64.729119198350617 41.800300795816298 17.52539784641904 0 0 0
1.7308876806829241 -21.546591698259959 -10.489628879233621 46.000344685955014 0 0 0
1.0366321435802022 -87.219811393392263 -85.13307779753616 -76.927439341486561 0 0 0
1.8045219820063678 -5.5547152039026884 42.576473204724408 -21.418133101206863 0 0 0
0.88806642184553608 -30.561567071319843 58.83646946910747 25.043225102414539 0 0 0
1.9064596659075528 35.940956694463722 14.036327092504393 22.039200792156507 0 0 0
1.9135571626110746 57.640186349746756 -95.191751699233578 6.8279386152341885 0 0 0
1.5325076198612608 49.739695465793318 -57.37157740010133 73.435471299822495 0 0 0
1.9337647221822447 -52.656939321280454 76.523091203222236 -80.604247403999551 0 0 0
0.58356024435575649 -74.155240087888359 -88.451783459013456 69.002446695153282 0 0 0
0.58857522413713581 -45.667162387293715 -79.24873123207189 -40.915593286279119 0 0 0
0.63583919365721542 33.600650121936837 -73.334636464186872 70.36918538487393 0 0 0
1.7257865779470252 -97.267662446458701 79.145270603919215 -94.211135835062763 0 0 0
0.85946867164403917 -93.522171872585091 -32.83130249547898 2.77330441372537 0 0 0
1.6949673089815149 -32.403690538272755 41.098005502018111 -62.499107968141807 0 0 0
1.6258976837472465 -52.80067876426024 -71.291047601921051 -62.918229447254582 0 0 0
0.77309468993275576 2.5725762132133241 68.959515515971844 -84.078983964074013 0 0 0
1.5604344777196644 30.86929297370051 74.503990269240461 -51.170488373879039 0 0 0
1.1751647842586901 85.165475242915818 31.998689552676609 -22.246317408418122 0 0 0
0.6971185786273969 -47.502997775659885 16.24309459675473 43.633589561426078 0 0 0
0.68663282200367959 19.919451464281153 10.070256234991277 2.7910894363946994 0 0 0
1.5351846767640853 67.489917897412369 -35.402062536840234 77.802438821803719 0 0 0
0.74095041350962021 -65.395226444765285 -46.64558625371339 -76.093826476788408 0 0 0
0.84547884648309779 -78.717646466025272 64.350483475685792 -72.206201013816155 0 0 0
1.6209463350312341 -90.417225737328025 89.704065466812807 42.23201774622936 0 0 0
0.51019482263093507 52.771299859018512 2.8163838654246263 55.873033470060363 0 0 0
1.2837452119372479 28.204970600853898 57.266331509842558 -18.978389806970895 0 0 0
0.50406221976082843 69.989299155584774 -23.821926368059394 -0.79145552178015066 0 0 0
0.51164996310027977 -1.5815980236933171 97.297479798837685 -44.346467277985944 0 0 0
1.0931273963806347 37.437999939621506 62.958732481596712 -16.52167565916605 0 0 0
0.96450331415759716 87.56515990093294 35.428992897913702 -76.195738327069805 0 0 0
0.6033918247811958 -3.290029047099253 -55.98198695351266 -49.203049548890675 0 0 0
1.8165382673771124 -82.086795143520305 43.072823774522561 -45.771548746211835 0 0 0
1.640492333872317 44.482277306315694 -98.521619629858463 1.8270826068452095 0 0 0
0.70897922631120736 73.245404911735903 74.317176266408381 -16.330839555958917 0 0 0
1.1665934263030548 -39.343412022960422 43.321260021442441 -28.267727684373781 0 0 0
0.90168871425562347 -13.553788116857135 -81.702497006499769 49.320640315223642 0 0 0
0.51889460237400986 28.897011529639144 -63.427094943484555 -53.519190088248152 0 0 0
1.4534479957286637 98.588693221172576 55.54349776403177 -54.832073980514771 0 0 0
0.76403713435727849 73.246574154746611 -11.163209855265663 -72.589440163965577 0 0 0
1.793317132680081 63.218471188746236 96.781272229101802 81.948736530124137 0 0 0
1.7776854992935853 -89.485120168543958 -79.116925959235004 13.796638541962849 0 0 0
1.2972188635995898 -8.4073568733828807 -20.642134912481438 -13.75790286102341 0 0 0
1.3539469091576533 -99.584697081024487 -47.858244577681887 3.6559444541938859 0 0 0
1.5833241484055691 -65.168661396531348 9.3762342617523302 42.891936918335148 0 0 0
1.1669414871787005 -94.583772213609635 -10.146368470375492 -40.711022331751799 0 0 0
1.8944744113752043 -75.077322210103105 30.495191528654317 -89.456047056111984 0 0 0
1.1692556568624362 10.795897779240534 -40.409014833472469 -8.9848735869049108 0 0 0
0.74533068593627616 -39.175229207257715 24.22126443619905 -39.639989762758965 0 0 0
1.8496146201416701 25.68139227888382 -12.27019661506796 -92.248613357361961 0 0 0
1.2493224990906864 52.955248233738985 -46.888481050431388 61.354713954886591 0 0 0
0.87771015027376376 64.74927743125599 -82.946330791387567 73.236741315640842 0 0 0
1.2487796795676744 -40.692481431520775 -46.977349438451789 -13.597888027624393 0 0 0
1.9985742423537805 -55.934520494425129 -79.356669673539955 17.007033764585515 0 0 0
1.232813690257788 4.839253513008714 33.387083398559554 -46.571185464632649 0 0 0
1.8659974872507312 -12.865586781429315 -74.182761885784586 48.459751337216517 0 0 0
1.4646565380830043 -36.851318316754011 24.303745297361033 -56.027607943429189 0 0 0
1.1672590396800588 79.882504704206326 -73.293152718802531 -22.660711203466249 0 0 0
1.7317136400180111 93.898179596773161 -9.2147722917155477 1.3999245925970172 0 0 0
1.3582579407768218 86.469629394631852 71.641358233760059 -65.879774389830061 0 0 0
1.1551367178353116 -7.1999133565615665 57.819222997108085 20.578576451126978 0 0 0
1.4813306965855901 99.639980728954271 -85.007991888714542 -55.398036505778954 0 0 0
1.11184389755469 -30.443520565776183 -95.670887735877102 -81.644479787662775 0 0 0
1.5214299350587557 75.864892948712679 2.8454034890673228 7.838215032981239 0 0 0
0.88264014792518708 53.575271413777131 50.358917327216744 17.673138689209281 0 0 0
0.81899643620939977 -80.596357520562904 -87.152284484990389 18.539213980617888 0 0 0
1.7375529814020301 71.666086095157141 -7.275585763766685 56.85425873235917 0 0 0
1.9203202981485132 -44.965977145308344 -20.407931352422906 86.295799376690667 0 0 0
1.0073464450191434 82.775258271608863 96.208971848714157 32.362145393987532 0 0 0
1.7253354354838202 49.909112820518743 39.906851652182269 -38.613784373024373 0 0 0
0.58564151215884253 -31.389653481744759 33.387196721753639 -79.494159684725574 0 0 0
0.51787697304033109 -72.06152665439609 43.147184647139881 94.558740262446548 0 0 0
1.9745970496846261 -1.2041697996061487 73.870459249101998 47.365291168483196 0 0 0
1.2515603617606428 14.55210732504051 -72.554571674144782 87.532291972955676 0 0 0
1.0278946561309696 -10.770149517656307 34.332046217777332 -33.219505604706086 0 0 0
0.88138873378113336 26.209878451708718 -95.003183706639916 44.145023439081143 0 0 0
1.2710350478471137 21.150746096099212 26.376032151190756 5.4100318039951532 0 0 0
1.3738006681249744 36.757640405155399 50.623769022368208 45.490478984193658 0 0 0
1.8044246856076376 -62.111313073512534 -19.770405991736396 89.55921260905464 0 0 0
1.0948858551871259 -75.025983301906464 5.0890254330587652 -78.101805641827895 0 0 0
0.80427985961063664 99.663751796795793 8.2725282910624003 -43.188321946672424 0 0 0
1.9921624380849581 93.311784242941656 -11.852191573632481 -47.919378395414512 0 0 0
1.7575994602959777 43.124142642168152 37.388287332918679 78.62274840824449 0 0 0
1.5341257000828215 -43.240411190666208 38.772633351670123 -38.837298698264313 0 0 0
1.6388584629200151 23.949570714430891 -84.517689470074487 2.5670726610509149 0 0 0
1.0149514610590766 -34.285873356012146 20.451259883719075 -35.53503483632781 0 0 0
1.6653406207746424 -85.841712645186945 32.077650060098478 61.838960733006644 0 0 0
1.5092475338802489 -0.55416134430464581 90.06140343150372 -40.012302096647446 0 0 0
0.52875182800010567 -13.602125909451303 -93.397611893807948 90.787350201673036 0 0 0
0.81487706975771323 57.785403829370779 54.914417430396213 -56.454219334950189 0 0 0
1.4318398011040583 -90.384207084105782 -3.2850825733116409 -97.070573679557327 0 0 0
1.8817158149826247 95.217205200296689 -55.54344786793834 -58.378792930776946 0 0 0
1.6305802667559874 -49.324119712881377 79.015312261547848 14.785826865432796 0 0 0
1.0261664284684566 66.538748172749052 -1.3186591791534994 82.326582228274191 0 0 0
1.8920213521160087 -66.915970463050911 -99.535318697612297 96.78618764934356 0 0 0
1.8592063031257657 -88.910952892408318 66.606852717911551 -8.4390145609005032 0 0 0
0.88844240872956226 75.749304157946511 -60.666553634413717 89.459999608969099 0 0 0
0.80843222199120657 22.7366387335111 -55.382733085716637 9.1337332487258607 0 0 0
1.5259626914466091 -61.954413356924661 4.1771566810468386 -6.1880501312396063 0 0 0
0.60655612947476412 63.66156476101537 -32.863519941781774 14.916440385573921 0 0 0
1.2721763529481811 2.6521005864694587 -78.555521145668891 -15.303597499552012 0 0 0
1.1785501396971476 46.728568367819719 68.003766434135997 8.9964555156235519 0 0 0
0.63017442187999206 -52.630106177007249 -67.013194327174162 -75.076987624444783 0 0 0
1.048848948088412 -54.121300506532393 -56.339378483727373 -89.061365477616377 0 0 0
0.52650506932826269 -79.446350211924809 -65.560503628151196 -13.803254791741864 0 0 0
1.2657803953244493 -71.881616740976597 -15.043331737053066 -31.650230987387502 0 0 0
0.77513545792210481 -98.631850644397659 -6.5964275191401356 37.130348430013072 0 0 0
0.83941600261684535 -73.63863318754926 77.408548548985948 -44.995045578174484 0 0 0
0.83541892379534977 71.419387812758771 63.421420096894565 -10.330706677267628 0 0 0
1.2338582973335761 -56.450259060126598 -84.339665833964716 14.686364136187862 0 0 0
0.64751738092005118 -10.145090523353943 88.099439951626181 90.56687672505069 0 0 0
0.85899842502831381 24.822684411771206 -5.1847471272182872 75.137025912631515 0 0 0
0.90714629644108835 -99.259518230696756 -67.48775906706328 -30.095438998143436 0 0 0
0.97358168845198312 58.272584235267146 36.112133321730482 -40.088736853780162 0 0 0
1.1866157302726363 -80.888179682842619 79.629288931517095 87.084964394338016 0 0 0
1.969705299469275 73.710566079486028 -65.207822174018077 -90.760703147042051 0 0 0
1.369395084102957 82.521006181350174 -64.529727992153255 -98.591417827658489 0 0 0
1.7082440754163604 -84.64086296914931 -17.25879356892915 35.777466029993263 0 0 0
0.85519637492209977 -83.207487691388735 54.004244576342188 26.035016998420943 0 0 0
1.9827357172508768 -31.138394168697374 -87.647522521933851 46.870006628508179 0 0 0
1.2826001279636134 -57.359213330775731 56.345797901587446 -59.248902191596301 0 0 0
0.89099249117250401 -81.494289259966607 -20.113545593701971 -16.21415601198639 0 0 0
1.2718426821391389 41.792854034163099 81.220184553719065 -72.453181306543911 0 0 0
0.58152215234732108 -96.293753325870384 -71.275723489463857 31.589897491812025 0 0 0
1.5912156210235708 57.301142000629028 -51.258356872537945 -38.821038021857689 0 0 0
1.2247019650564572 -87.363381243968078 22.228304003765032 96.747007581026878 0 0 0
1.0412094735682351 50.56949413200914 0.0067843886698568667 -74.437630266384389 0 0 0
1.3733561746874616 -40.025147677641385 -93.119358876895888 26.985945947213736 0 0 0
1.788398527476025 -31.046047553789464 -21.940890150312768 78.204336045096369 0 0 0
1.7204132196097386 42.990563968706056 -50.240587694369978 82.043330447283523 0 0 0
0.73162364077895747 25.354103890448428 -94.239763026425635 28.743960476325441 0 0 0
0.9157165324572244 -10.064603516996144 -30.947090209857237 -65.448647889493259 0 0 0
1.4329711897252184 76.395110856091833 91.816847685841424 -61.530727755290187 0 0 0
1.576059154182992 32.867873593409996 -31.324442736489061 -96.180158864596805 0 0 0
1.53468687720965 89.098973293258751 26.424024953505622 -12.941454603029328 0 0 0
1.2877308418236422 -60.074237663391258 50.108833425094502 49.283966208933236 0 0 0
0.71827594588443222 75.595675615719216 -46.162052418467624 96.451211684989687 0 0 0
1.0743545168590996 -64.423187096210597 -29.655977747833205 -11.963934766281369 0 0 0
0.60396165748640096 15.643676409029368 19.526487794501151 47.786090441900313 0 0 0
0.54375484068890045 8.2476427158931358 -89.418514052029451 40.228844503308665 0 0 0
0.58359197860266654 82.345570327099523 40.416512468771202 1.4779523478655676 0 0 0
1.1622558848979594 -73.865473992848507 -41.800123380224605 73.79182008638773 0 0 0
1.8566792185188334 -99.850458956736603 18.827278247042528 43.860121471166394 0 0 0
1.4281204811387116 -83.66404696403464 -56.455019234496348 -49.931946711343777 0 0 0
1.7475869480688737 -7.3601131636925601 -2.6343571975704236 86.978608906877014 0 0 0
1.455628831975003 79.733540981213594 -8.698228787193969 -70.112748100616912 0 0 0
1.894903392565604 -8.2589765720556443 -63.673716343619205 -39.520851207059579 0 0 0
0.57620388556521052 -6.3398814217855204 70.625634137835902 86.716090232440507 0 0 0
1.8989033155528905 -74.953995532406324 -23.589223506056129 -94.35424911397449 0 0 0
1.7827480194337815 -28.248846965543578 26.223406162364597 42.979688317785417 0 0 0
1.144766999796085 -38.711532532896996 92.442581577915007 92.897644762323722 0 0 0
0.93415455249328672 -4.0749816355499746 94.568830764704444 -99.026318095930861 0 0 0
1.119017372588103 -79.908489627182988 1.8315929956094692 -95.066009260205789 0 0 0
1.1103476413694282 -55.860184506140001 6.6616723960912765 99.198729299596152 0 0 0
1.7008041642902159 69.12841928247741 27.052997762290644 -91.688030293151527 0 0 0
0.81019652206839321 85.012911643568657 -26.777377025240497 -79.272655356703652 0 0 0
1.5536080561458168 -40.108454863467699 -46.228616342949358 99.595490144895962 0 0 0
1.7872083890299257 -18.412436180494723 96.052242636057002 30.022644678115228 0 0 0
1.6130336820346129 -93.697390723214909 -75.678948124644322 26.617025845802715 0 0 0
1.8485359758984707 24.74874432053069 -73.195021377423245 -76.847991309550821 0 0 0
1.7662788423710818 -72.139531609269184 4.0463919940620059 -92.577336180404018 0 0 0
0.62100465065469401 34.469652962755987 37.83628320823243 -31.706118905571429 0 0 0
0.82341463966405481 62.742053290155468 -56.579354321988731 8.4054133482701872 0 0 0
1.9523132597579804 -70.429512632538902 88.175253024750873 -63.421389229956077 0 0 0
1.3511648194572865 -24.59845835576256 92.98572086438449 -45.291594854751949 0 0 0
1.0994870077044996 96.57202297900659 7.2940794732592451 0.52602337880935579 0 0 0
0.88666774058122955 40.272711544018932 -97.125409796514617 -90.097474961901696 0 0 0
1.3990378731393536 -31.665084053638509 90.6632745179013 80.638138416317076 0 0 0
1.5705593892348335 63.629117445040862 33.466369801769645 -74.883579058366109 0 0 0
1.6483150545402503 -57.961605779586876 -35.311428807429479 63.846841554594306 0 0 0
1.3047884108900059 71.988141731004532 -57.392936066147193 21.555688214167773 0 0 0
0.62568645650423271 28.612198073525832 52.506808821035804 16.986177911651239 0 0 0
0.89934725173289176 -93.731466296445632 -76.110223410479094 24.460595651428306 0 0 0
1.9016303266325083 -58.693119673902657 47.005229045402132 73.29021248749811 0 0 0
1.2813232696379315 33.85315926498339 63.003063925832862 -47.864968185803249 0 0 0
0.94534350620279461 -99.874497491247723 92.618827189139722 83.508980232255425 0 0 0
1.6468524028631115 -84.184796397448721 -10.499421699216299 -79.621649946602872 0 0 0
0.52388040769845134 23.236592910306797 92.165884171758677 80.573604970987276 0 0 0
1.5451322249563808 -80.671883363570529 -45.167192600704645 -35.988654976911732 0 0 0
1.6447250802466855 60.449836490381415 -22.978775895815261 -16.423201380921725 0 0 0
0.56676355909797427 -42.172655922960935 -9.7429646911312773 -76.603390594904297 0 0 0
1.1799011926750005 70.635163260571119 16.26420384765585 -84.214030182634488 0 0 0
0.78750697505239808 -5.0911296654416702 -27.702570962090149 -28.254595680614969 0 0 0
1.2939011777759375 16.87918442274399 59.37231429145686 -31.80668691671535 0 0 0
1.7081994251832024 -32.277754066031775 -88.91340341201122 10.837529964369793 0 0 0
1.3818534865522012 86.908049850412624 45.212265359793236 83.554531008599895 0 0 0
1.8625208083208431 20.914822434724996 5.5524126387425952 11.488194406686603 0 0 0
1.9674962120270896 54.633538016995658 -78.746818986289156 55.685681817359267 0 0 0
0.75580707803677971 -10.529889284601765 -57.908064857726558 37.916612906156075 0 0 0
1.8159645990200151 -41.927623024950336 -83.597850913567825 -40.301380941804545 0 0 0
1.508542783248926 -34.247974540781328 -44.377566157963663 -63.112960790366543 0 0 0
1.2462746370269917 -44.810234268300022 46.202070673905325 -84.675520276371941 0 0 0
1.4960495566632468 -52.487997476889291 -2.1441480415438861 -42.782015782973495 0 0 0
1.5841530155176526 89.061407957400064 83.41535535664201 16.685243637393938 0 0 0
1.193915449566771 63.660102749827445 36.665272395973858 -63.287177361808808 0 0 0
1.7313788229433804 -14.223121166104278 -62.202868130094124 -43.640528763369112 0 0 0
0.90129055424825189 3.8413947996925373 -53.125981823865786 -75.286701643749211 0 0 0
0.68553627347433244 16.655239413667772 46.951858465396299 -35.69339837989493 0 0 0
0.55197606559026269 -74.555022383815384 82.938911219581144 -1.2912686587125677 0 0 0
1.1803592042970361 -92.390164360910404 45.727404452164052 5.6136171180782668 0 0 0
0.80312141300598983 -77.985246707049853 -23.322428297068996 67.432392155726461 0 0 0
1.7979418358773485 20.569275635607681 45.507286373047435 -76.968841892663988 0 0 0
1.3821890999625661 33.393140616113072 -59.857432340459376 76.030947116963091 0 0 0
0.79249510909651699 -37.304527541739695 24.11137013780089 27.670013303977072 0 0 0
1.5490771085293376 -77.59765805987675 69.892886031298076 6.5694266372279202 0 0 0
1.2069826967081898 96.219524804580317 48.075658413972718 -76.398795336674283 0 0 0
1.6348087551711918 -80.950212610507464 -94.505887594434412 -19.274821435689233 0 0 0
1.990367251666644 -65.023213115232679 34.528868439596692 -65.320786715475037 0 0 0
1.5871804638475842 1.0707344423470886 35.994342443875354 -59.425364805736073 0 0 0
1.6184424940997337 99.12381240741027 33.130099584164867 -1.3039996458180809 0 0 0
1.8847609862527297 -96.829630467054642 45.984704338432124 77.749303186885413 0 0 0
0.59251187948556516 -9.9871661752019492 -59.056109543544807 13.303633173302259 0 0 0
1.4743144433209414 -39.475362694720673 -8.0036666685330715 -44.132102251712183 0 0 0
1.0540867429417009 -68.092007989229643 77.111888188493367 -97.997918095113349 0 0 0
1.8236137817945313 14.335775895547755 -33.668431583899533 44.61142487445926 0 0 0
1.2616282354319106 -0.17826709849211397 -77.971543505958664 -22.096794193139445 0 0 0
0.86159651995007247 -96.860818574079431 -27.980074016934481 -82.035573232117386 0 0 0
0.88524506408801296 -81.496675724832869 -79.811674743079038 -60.197742020580606 0 0 0
1.9997738589705245 -99.563171764021689 27.734528001953265 -71.75125967916793 0 0 0
1.8809422016761181 -81.273421093719378 91.012637792588492 22.185276778066637 0 0 0
0.5019021132157464 78.801439162461378 4.3423598129321022 -47.466052619262832 0 0 0
1.6509187623475743 85.333110855326822 -3.2618346503676179 -36.889305089730186 0 0 0
1.683417694900043 36.357099146173539 77.750497567305132 38.502802891811285 0 0 0
0.86529250561759241 86.331848956211928 -79.032851719630884 -46.411450123266761 0 0 0
1.2802919099876005 13.148406071893476 -96.937881718699202 56.114544167714683 0 0 0
1.0424109721085244 -18.716291724367608 61.873908629193068 -24.143321515679276 0 0 0
0.57083731823570738 -64.712045126212445 91.180633246962515 -85.918928217797813 0 0 0
1.0323968012051246 0.63583368390047212 -1.3438356305209993 -99.208011994541536 0 0 0
1.2517440992712854 -23.245508308778582 94.41586702031563 -68.16818328373391 0 0 0
1.0312312975214608 -16.103703917436093 -21.861292847114541 33.166165225858464 0 0 0
0.82326928767834062 -55.785690197029652 45.842189460253621 0.058103014738748016 0 0 0
1.1227335138561647 -66.159389512300663 -62.494556039255698 -97.889672555149502 0 0 0
0.63713940712161521 11.367739368515828 78.374626043430055 -42.567046816741239 0 0 0
0.99162084784037796 -76.878878054298411 -22.2738115396197 -92.555659145588194 0 0 0
1.8764010466237957 34.622269620350096 98.149762201881572 76.564633064692032 0 0 0
1.2094858873590648 3.9370070142455944 -61.884791955509556 -7.5921318505536703 0 0 0
1.8545418101744278 -89.829316199716345 72.71136073309097 -31.810438907827404 0 0 0
1.8492691444593012 88.175981987185054 34.172976079862906 32.884757915901588 0 0 0
1.1791315102247613 67.108044472961296 92.322551253757723 55.016360043209431 0 0 0
1.4329051039841723 21.358577924061862 69.893980298362692 8.2407533281921843 0 0 0
1.7057898275648016 1.7770513688519287 -87.511146033080877 -23.210597610398793 0 0 0
1.1666614403508759 -71.676550825647411 -79.500734020596227 7.0929888371432241 0 0 0
0.62771545326101741 -39.410966241163422 48.919395643416124 92.886435305207726 0 0 0
1.5768058724765559 98.525109389783836 39.66759377476285 -41.241106256784377 0 0 0
1.5080788200780004 40.431352568942003 -25.654603460591389 -96.457230052374655 0 0 0
1.5547996777282993 -95.659981367985964 26.237614568568148 -67.276702179670821 0 0 0
1.3484052892479919 0.78260472245175094 -97.297270811340283 -27.426837321029012 0 0 0
1.4016367471285442 69.721311275325689 77.728422002949202 -3.2300063630447369 0 0 0
1.5926337355063509 -36.709083790451317 -31.562720226239279 -61.107296453164281 0 0 0
1.3429221629829384 -37.087169588674485 -83.125820539532228 37.001216645785576 0 0 0
1.5616298122161894 -28.001516474899418 -84.655319734208774 -14.740455972057589 0 0 0
1.163503187387765 33.734175944390671 -36.916721940471575 36.519855745541832 0 0 0
1.8072328153532058 -52.502790836025504 95.783911274632715 -22.726371990648033 0 0 0
0.90088802327102568 -15.697762905214631 -81.12050531231219 -74.858817842567774 0 0 0
1.121651068388567 52.488904688038616 80.062448813613116 32.963598300063978 0 0 0
0.65782932643107939 34.403952380886182 27.08558317511212 61.152784099081401 0 0 0
1.7378730059430381 73.640615030801172 -17.17369722790707 39.572879298590379 0 0 0
0.9023755393909263 99.867257462336568 -64.933152217075332 -97.977113420227269 0 0 0
0.72321307450912264 55.174456842673493 -10.643264748120174 -10.499950034151823 0 0 0
1.9325343772794188 83.926980265332617 -37.761052840155685 -58.188373284711972 0 0 0
1.7727233181002897 81.203814384794129 8.3193839173877961 25.884742963584344 0 0 0
0.88537142662871593 60.160538348469174 26.424486113561812 0.70270184261120505 0 0 0
0.59016282501527551 83.186991970529931 23.090283789858802 -61.461781415233027 0 0 0
1.4095791764332177 35.492671183878912 5.1540684052439474 43.620347512858814 0 0 0
1.3721809170935217 89.553915189002197 -89.260584396875245 -78.750858181629496 0 0 0
0.76050745390839924 38.034214569723815 29.119175021901782 78.411772020471119 0 0 0
1.5993161745577638 1.6710981553654989 98.366358762479024 -46.778408869046906 0 0 0
1.7497874911454625 -14.641924688361925 29.74702748880452 45.453693876679296 0 0 0
1.4506311232981368 -71.898540077106986 -11.409797706145667 12.287675462564977 0 0 0
1.7735656443394916 -11.270850555527474 83.749460961697764 -11.925155070752368 0 0 0
